ended  535  62.344730377197266   0.9070696543338544
chord  374  55.93196749687195   0.9350356088240404
false  418  64.35576438903809   0.9273927392739274
skill  556  74.20673894882202   0.9034219211394824
holes  462  37.47811317443848   0.9197498697238145
dozen  434  53.57474207878113   0.9246135139829772
brave  462  72.65801572799683   0.9197498697238145
apple  419  84.09529185295105   0.927219037693243
climb  270  63.1928026676178   0.9531005732152162
outer  459  59.771610736846924   0.9202709744658676
pitch  297  56.54479002952576   0.9484106305367379
ruler  506  55.59409713745117   0.9121070001737016
holds  412  39.24506902694702   0.9284349487580337
fixed  477  58.123234033584595   0.9171443460135488
costs  511  44.937084913253784   0.9112384922702796
calls  490  41.11553192138672   0.9148862254646517
blank  382  61.88963794708252   0.9336459961785653
staff  584  77.65964579582214   0.8985582768803196
labor  403  53.72712969779968   0.9299982629841932
eaten  512  54.271034955978394   0.9110647906895952
youth  531  52.99925470352173   0.907764460656592
tones  456  37.229063987731934   0.9207920792079208
honor  445  53.05817103385925   0.9227027965954491
globe  356  72.75957322120667   0.9381622372763592
gases  558  42.031535387039185   0.9030745179781136
doors  505  38.87055778503418   0.9122807017543859
poles  397  38.231016635894775   0.9310404724682995
loose  512  83.71404433250427   0.9110647906895952
apply  470  75.82913112640381   0.9183602570783395
tears  482  44.554765701293945   0.9162758381101268
exact  489  109.0599377155304   0.9150599270453361
brush  452  84.5922417640686   0.9214868855306584
chest  447  96.0761935710907   0.9223553934340802
layer  468  49.859113454818726   0.9187076602397082
whale  389  68.04400587081909   0.9324300851137746
minor  368  62.90612983703613   0.9360778183081466
faith  361  51.47131562232971   0.9372937293729373
tests  640  58.786317348480225   0.8888309883619941
judge  473  87.63850021362305   0.9178391523362862
items  445  57.181469202041626   0.9227027965954491
worry  575  58.36493706703186   0.900121591106479
waste  463  63.875327348709106   0.9195761681431301
hoped  327  47.95056676864624   0.9431995831162063
strip  336  66.06659531593323   0.9416362688900469
begun  426  70.44700837135315   0.9260031266284523
aside  457  91.89269542694092   0.9206183776272364
lakes  506  43.657880544662476   0.9121070001737016
bound  375  53.67243790626526   0.9348619072433559
depth  322  62.885196685791016   0.9440680910196283
candy  405  54.4462456703186   0.9296508598228244
