plump  361  63.14643979072571   0.9372937293729373
robes  466  36.90095829963684   0.9190550634010769
seeks  647  53.39111328125   0.8876150772972035
cedar  392  60.99762415885925   0.9319089803717214
curls  440  43.146186113357544   0.9235713044988709
jolly  619  61.67192339897156   0.8924787215563662
myths  407  48.9075391292572   0.9293034566614556
cages  457  35.897159814834595   0.9206183776272364
gloom  370  65.62135457992554   0.9357304151467778
locks  456  39.98720979690552   0.9207920792079208
pedal  346  73.33863878250122   0.9398992530832031
beets  517  45.92288899421692   0.9101962827861734
crows  434  45.304296016693115   0.9246135139829772
anode  412  68.71142292022705   0.9284349487580337
slash  483  65.80879974365234   0.9161021365294424
creep  388  51.5709171295166   0.9326037866944589
rowed  397  48.15660572052002   0.9310404724682995
chips  370  43.81462359428406   0.9357304151467778
fists  496  45.894521713256836   0.9138440159805454
wines  454  40.50819206237793   0.9211394823692896
cares  442  35.76147222518921   0.9232239013375022
valve  523  69.22270488739014   0.9091540733020671
newer  520  54.515806913375854   0.9096751780441202
motel  330  43.952261447906494   0.9426784783741532
ivory  567  63.649757862091064   0.9015112037519541
necks  474  52.18471598625183   0.9176654507556019
clamp  244  60.159281492233276   0.9576168143130103
barge  417  61.50002861022949   0.9275664408546118
blues  440  37.63882875442505   0.9235713044988709
alien  437  49.55109763145447   0.9240924092409241
frown  419  66.34829258918762   0.927219037693243
strap  350  72.45922946929932   0.9392044467604655
crews  470  54.710365295410156   0.9183602570783395
shack  464  71.03112149238586   0.9194024665624457
gonna  483  66.17252326011658   0.9161021365294424
saves  573  38.41843843460083   0.9004689942678479
stump  324  68.09263205528259   0.9437206878582595
ferry  581  79.68630695343018   0.8990793816223728
idols  437  50.029534101486206   0.9240924092409241
cooks  537  48.50666093826294   0.9067222511724856
juicy  570  59.3350715637207   0.900990099009901
glare  413  71.23083305358887   0.9282612471773494
carts  411  37.917073488235474   0.9286086503387181
alloy  543  64.65652966499329   0.9056800416883793
bulbs  526  48.59119653701782   0.9086329685600139
lawns  402  42.454315185546875   0.9301719645648775
lasts  456  44.320913553237915   0.9207920792079208
fuels  504  51.863402128219604   0.9124544033350703
oddly  543  71.14634704589844   0.9056800416883793
crane  399  65.5410737991333   0.9306930693069307
