folly  505  66.72531318664551   0.9122807017543859
leafy  523  71.55694270133972   0.9091540733020671
notch  333  58.44895935058594   0.9421573736321001
fools  497  44.014294147491455   0.913670314399861
otter  503  62.23876094818115   0.9126281049157547
pears  418  47.276779651641846   0.9273927392739274
flush  452  85.6357011795044   0.9214868855306584
genus  500  49.70784664154053   0.9131492096578079
ached  371  63.043397665023804   0.9355567135660935
fives  485  42.611530780792236   0.9157547333680737
flaps  367  46.33650255203247   0.936251519888831
spout  405  60.24712109565735   0.9296508598228244
smote  403  67.13683652877808   0.9299982629841932
fumes  435  42.25803899765015   0.9244398124022929
adapt  365  65.5036187171936   0.9365989230501998
cuffs  568  56.79082798957825   0.9013375021712697
tasty  623  69.0664005279541   0.8917839152336287
stoop  432  79.48723125457764   0.924960917144346
clips  357  43.83951473236084   0.9379885356956749
disks  533  48.024364709854126   0.9074170574952232
sniff  558  84.12421727180481   0.9030745179781136
lanes  458  38.77974247932434   0.920444676046552
brisk  437  85.51954698562622   0.9240924092409241
imply  333  67.10023975372314   0.9421573736321001
demon  328  69.46153402328491   0.943025881535522
super  410  55.26557636260986   0.9287823519194025
furry  549  59.037235260009766   0.9046378322042731
raged  399  45.5263831615448   0.9306930693069307
growl  435  65.2780499458313   0.9244398124022929
texts  638  57.92453384399414   0.8891783915233629
hardy  398  55.80892848968506   0.930866770887615
stung  428  67.36971092224121   0.9256557234670836
typed  373  48.85460638999939   0.9352093104047247
hates  457  37.90284824371338   0.9206183776272364
wiser  468  64.86010646820068   0.9187076602397082
timid  428  55.212796688079834   0.9256557234670836
serum  409  60.385783672332764   0.9289560535000868
beaks  487  48.70391321182251   0.9154073302067048
rotor  583  61.632816314697266   0.8987319784610039
casts  489  43.32590627670288   0.9150599270453361
baths  401  45.58399677276611   0.9303456661455619
glide  351  69.26323747634888   0.9390307451797811
plots  354  41.05108332633972   0.938509640437728
trait  493  59.32874298095703   0.9143651207225986
resin  427  83.65824151039124   0.9258294250477679
slums  436  49.27737522125244   0.9242661108216085
lyric  406  62.89501333236694   0.9294771582421401
puffs  517  53.138246059417725   0.9101962827861734
decks  454  51.38697052001953   0.9211394823692896
brood  451  66.75553965568542   0.9216605871113427
