drunk  446  58.5837185382843   0.9225290950147647
rests  530  50.91131401062012   0.9079381622372764
chill  423  64.56180715560913   0.9265242313705054
slain  399  60.536717653274536   0.9306930693069307
panic  325  52.04553961753845   0.9435469862775752
cords  410  37.437106132507324   0.9287823519194025
tuned  445  50.7087128162384   0.9227027965954491
crisp  336  82.82924556732178   0.9416362688900469
ledge  386  60.49616622924805   0.9329511898558277
dived  542  61.120670318603516   0.9058537432690638
swamp  368  72.00771141052246   0.9360778183081466
clung  363  59.57138156890869   0.9369463262115685
stole  391  69.16990852355957   0.9320826819524057
molds  384  38.11377286911011   0.9332985930171964
yarns  499  40.73567605018616   0.9133229112384923
liver  413  58.055383920669556   0.9282612471773494
gauge  578  74.75014162063599   0.8996004863644259
breed  434  46.91207790374756   0.9246135139829772
stool  469  69.13290762901306   0.9185339586590238
gulls  542  51.59440565109253   0.9058537432690638
awoke  497  85.42202591896057   0.913670314399861
gross  513  52.025967597961426   0.9108910891089109
diary  472  55.73578214645386   0.9180128539169706
rails  437  45.074772357940674   0.9240924092409241
belly  490  73.21509075164795   0.9148862254646517
trend  365  56.3149139881134   0.9365989230501998
flask  446  80.57450103759766   0.9225290950147647
stake  492  71.6916995048523   0.914538822303283
fried  384  45.09672260284424   0.9332985930171964
draws  448  42.88006949424744   0.9221816918533958
actor  424  67.84870648384094   0.9263505297898211
handy  430  48.37678813934326   0.9253083203057147
bowls  391  44.11045789718628   0.9320826819524057
haste  454  68.65900301933289   0.9211394823692896
scope  339  83.39114618301392   0.9411151641479938
deals  455  45.781760454177856   0.9209657807886051
knots  465  40.50326633453369   0.9192287649817613
moons  457  42.18284630775452   0.9206183776272364
essay  687  140.61659693717957   0.8806670140698281
thump  289  61.101094007492065   0.949800243182213
hangs  400  47.60005068778992   0.9305193677262463
bliss  455  52.103108406066895   0.9209657807886051
dealt  373  60.61088800430298   0.9352093104047247
gains  426  38.348642110824585   0.9260031266284523
bombs  469  57.00955677032471   0.9185339586590238
clown  325  61.736629486083984   0.9435469862775752
palms  334  38.26512956619263   0.9419836720514156
cones  427  42.011030435562134   0.9258294250477679
roast  457  57.52231740951538   0.9206183776272364
tidal  336  61.346707344055176   0.9416362688900469
