poets  415  45.165122270584106   0.9279138440159805
apron  358  66.24932146072388   0.9378148341149904
spear  376  77.34521079063416   0.9346882056626715
organ  419  70.53017544746399   0.927219037693243
cliff  436  67.77895593643188   0.9242661108216085
stamp  329  70.4882321357727   0.9428521799548376
paste  400  65.44605135917664   0.9305193677262463
rural  532  62.80415081977844   0.9075907590759076
baked  381  51.777984380722046   0.9338196977592496
chase  433  76.54257941246033   0.9247872155636616
slice  346  66.74182176589966   0.9398992530832031
slant  368  60.04061222076416   0.9360778183081466
knock  447  74.78525495529175   0.9223553934340802
noisy  504  58.297555923461914   0.9124544033350703
sorts  501  39.43306565284729   0.9129755080771235
stays  562  54.07079863548279   0.9023797116553761
wiped  353  46.907153844833374   0.9386833420184124
blown  295  59.65987944602966   0.9487580336981066
piled  327  47.80558681488037   0.9431995831162063
clubs  410  44.421746253967285   0.9287823519194025
cheer  487  55.15077447891235   0.9154073302067048
widow  475  71.55990886688232   0.9174917491749175
twist  520  87.99543738365173   0.9096751780441202
tenth  474  73.28052520751953   0.9176654507556019
hides  463  39.68557143211365   0.9195761681431301
comma  433  75.67344903945923   0.9247872155636616
sweep  448  56.23077702522278   0.9221816918533958
spoon  435  74.12611508369446   0.9244398124022929
stern  415  82.44640612602234   0.9279138440159805
crept  352  78.9558846950531   0.9388570435990967
maple  294  61.47470188140869   0.948931735278791
deeds  627  53.291701555252075   0.8910891089108911
rides  434  42.01879525184631   0.9246135139829772
muddy  530  68.26371884346008   0.9079381622372764
crime  326  69.86466860771179   0.9433732846968907
jelly  621  82.43324398994446   0.8921313183949974
ridge  364  58.98505926132202   0.9367726246308842
drift  367  56.738091707229614   0.936251519888831
dusty  495  73.26442289352417   0.9140177175612298
devil  419  69.7899866104126   0.927219037693243
tempo  320  71.5642900466919   0.944415494180997
humor  406  61.70261335372925   0.9294771582421401
sends  463  46.654587507247925   0.9195761681431301
steal  451  84.23489165306091   0.9216605871113427
tents  525  47.312033891677856   0.9088066701406983
waist  410  66.01437759399414   0.9287823519194025
roses  565  43.26387691497803   0.9018586069133229
reign  417  74.11350917816162   0.9275664408546118
noble  368  61.675835847854614   0.9360778183081466
cheap  341  91.7056233882904   0.940767760986625
