which  438  79.8270103931427   0.9239187076602398
there  482  68.28078556060791   0.9162758381101268
their  439  64.68684148788452   0.9237450060795553
about  479  75.46056723594666   0.9167969428521799
would  418  46.20509696006775   0.9273927392739274
these  533  86.13664507865906   0.9074170574952232
other  425  55.04878830909729   0.9261768282091367
words  441  47.555596351623535   0.9233976029181865
could  400  47.31049704551697   0.9305193677262463
write  401  66.24440932273865   0.9303456661455619
first  398  73.36737298965454   0.930866770887615
water  424  56.12777829170227   0.9263505297898211
after  464  57.42210555076599   0.9194024665624457
where  492  76.20363712310791   0.914538822303283
right  375  61.058637380599976   0.9348619072433559
think  379  60.5557336807251   0.9341671009206184
three  469  48.22156834602356   0.9185339586590238
years  541  51.051010847091675   0.9060274448497482
place  302  66.16773533821106   0.9475421226333159
sound  459  50.386141538619995   0.9202709744658676
great  451  78.55165696144104   0.9216605871113427
again  500  63.059996128082275   0.9131492096578079
still  459  68.74369478225708   0.9202709744658676
every  735  106.44702982902527   0.8723293381969776
small  484  64.07402300834656   0.9159284349487581
found  397  52.17341899871826   0.9310404724682995
those  442  81.03582906723022   0.9232239013375022
never  546  54.73822021484375   0.9051589369463262
under  457  60.328168869018555   0.9206183776272364
might  349  54.65275263786316   0.9393781483411499
while  389  73.08450078964233   0.9324300851137746
house  494  70.9866669178009   0.9141914191419142
world  387  49.16533303260803   0.9327774882751433
below  362  69.93595266342163   0.9371200277922529
asked  486  85.17720651626587   0.9155810317873893
going  491  50.12472152709961   0.9147125238839674
large  417  53.680712938308716   0.9275664408546118
until  412  66.55833148956299   0.9284349487580337
along  386  67.97123551368713   0.9329511898558277
shall  547  76.00443291664124   0.9049852353656418
being  388  62.69329833984375   0.9326037866944589
often  424  56.57973289489746   0.9263505297898211
earth  438  67.95072865486145   0.9239187076602398
began  397  78.10308170318604   0.9310404724682995
since  389  56.690753698349   0.9324300851137746
study  496  65.49389982223511   0.9138440159805454
night  370  56.02528786659241   0.9357304151467778
light  357  56.780176877975464   0.9379885356956749
above  488  91.73198986053467   0.9152336286260205
paper  447  57.32640886306763   0.9223553934340802
