trips  380  38.04983329772949   0.933993399339934
leads  453  41.05554556846619   0.921313183949974
rifle  397  59.268667221069336   0.9310404724682995
hopes  417  41.888453245162964   0.9275664408546118
bases  521  40.80262875556946   0.9095014764634358
shine  414  70.50334215164185   0.928087545596665
bench  343  71.60339856147766   0.9404203578252562
moral  379  56.86359214782715   0.9341671009206184
fires  470  38.31790375709534   0.9183602570783395
meals  430  46.676746129989624   0.9253083203057147
shake  468  69.16800594329834   0.9187076602397082
shops  411  46.219743490219116   0.9286086503387181
cycle  503  79.22986173629761   0.9126281049157547
movie  421  65.38401937484741   0.9268716345318743
slope  347  71.80790448188782   0.9397255515025187
canoe  417  54.6337308883667   0.9275664408546118
teams  405  52.22619080543518   0.9296508598228244
folks  461  41.48758053779602   0.9199235713044989
fired  390  50.71945118904114   0.9322563835330901
bands  376  42.298166036605835   0.9346882056626715
thumb  315  64.79134893417358   0.945284002084419
shout  490  63.14122724533081   0.9148862254646517
canal  445  54.991597414016724   0.9227027965954491
habit  365  57.011043548583984   0.9365989230501998
reply  375  68.6475305557251   0.9348619072433559
ruled  406  47.63469433784485   0.9294771582421401
fever  526  56.18637776374817   0.9086329685600139
crust  421  76.46795654296875   0.9268716345318743
shelf  494  82.43222379684448   0.9141914191419142
walks  444  42.49435091018677   0.9228764981761334
midst  343  77.19623184204102   0.9404203578252562
crack  487  74.24771428108215   0.9154073302067048
print  327  55.30310392379761   0.9431995831162063
tales  413  38.01221513748169   0.9282612471773494
coach  484  56.80820059776306   0.9159284349487581
stiff  532  86.47298097610474   0.9075907590759076
flood  418  57.968480587005615   0.9273927392739274
verse  581  85.70154595375061   0.8990793816223728
awake  597  87.13020706176758   0.8963001563314226
rocky  463  57.36114954948425   0.9195761681431301
march  290  51.031463623046875   0.9496265416015286
fault  396  50.81756949424744   0.9312141740489839
swift  476  67.4434564113617   0.9173180475942331
faint  362  46.924731731414795   0.9371200277922529
civil  452  67.01919150352478   0.9214868855306584
ghost  416  83.00186896324158   0.9277401424352961
feast  452  74.95521235466003   0.9214868855306584
blade  325  64.0609622001648   0.9435469862775752
limit  401  65.7263548374176   0.9303456661455619
germs  416  50.029577016830444   0.9277401424352961
