dance  352  59.964027404785156   0.9388570435990967
spoke  407  77.72842812538147   0.9293034566614556
break  441  81.61836695671082   0.9233976029181865
cause  473  70.45600581169128   0.9178391523362862
radio  397  63.95993661880493   0.9310404724682995
weeks  603  52.340444564819336   0.8952579468473163
lands  383  39.22604751586914   0.9334722945978808
basic  375  77.92037224769592   0.9348619072433559
liked  420  49.14436435699463   0.9270453361125586
trade  383  59.181384563446045   0.9334722945978808
fresh  426  101.60287261009216   0.9260031266284523
final  371  61.86276125907898   0.9355567135660935
fight  403  60.017643213272095   0.9299982629841932
meant  379  64.69265699386597   0.9341671009206184
drive  415  69.82955837249756   0.9279138440159805
spent  366  80.6658673286438   0.9364252214695153
local  441  66.46311688423157   0.9233976029181865
waxes  563  41.53937816619873   0.9022060100746917
knows  492  50.547263383865356   0.914538822303283
train  382  53.25538110733032   0.9336459961785653
bread  404  75.6231791973114   0.9298245614035088
homes  428  39.33978796005249   0.9256557234670836
teeth  595  69.50145959854126   0.8966475594927914
coast  442  57.58631634712219   0.9232239013375022
thick  392  56.14443349838257   0.9319089803717214
brown  388  70.23183512687683   0.9326037866944589
clean  401  76.85932970046997   0.9303456661455619
quiet  591  56.82839298248291   0.897342365815529
sugar  515  68.51175117492676   0.9105436859475421
facts  429  41.96313500404358   0.9254820218863992
steel  466  59.131492614746094   0.9190550634010769
forth  389  59.002859592437744   0.9324300851137746
rules  515  37.047433614730835   0.9105436859475421
notes  454  39.63027548789978   0.9211394823692896
units  489  41.72635579109192   0.9150599270453361
peace  394  66.61194562911987   0.9315615772103526
month  315  51.47912931442261   0.945284002084419
verbs  501  57.40164136886597   0.9129755080771235
seeds  572  51.254109382629395   0.9006426958485322
helps  362  48.99054169654846   0.9371200277922529
sharp  362  72.61114287376404   0.9371200277922529
visit  568  96.40254211425781   0.9013375021712697
woods  524  49.02471590042114   0.9089803717213827
chief  396  47.40372681617737   0.9312141740489839
walls  527  48.58708047866821   0.9084592669793295
cross  492  51.25160098075867   0.914538822303283
wings  409  47.670825719833374   0.9289560535000868
grown  433  66.23372292518616   0.9247872155636616
cases  517  47.5302050113678   0.9101962827861734
foods  513  44.29696869850159   0.9108910891089109
