filed  372  47.63176441192627   0.9353830119854091
weird  405  57.97346043586731   0.9296508598228244
shawl  473  67.84921932220459   0.9178391523362862
slips  389  40.48573541641235   0.9324300851137746
troop  410  60.77692747116089   0.9287823519194025
bolts  392  41.2083466053009   0.9319089803717214
suite  491  59.34832406044006   0.9147125238839674
sleek  526  61.4517023563385   0.9086329685600139
quilt  534  54.91054701805115   0.9072433559145389
tramp  297  55.300169706344604   0.9484106305367379
blaze  428  80.43821096420288   0.9256557234670836
atlas  500  51.22621273994446   0.9131492096578079
odors  543  53.47169899940491   0.9056800416883793
scrub  432  78.42959427833557   0.924960917144346
crabs  396  46.69525361061096   0.9312141740489839
probe  306  71.49691271781921   0.9468473163105784
logic  342  55.047303438186646   0.9405940594059405
adobe  382  76.33747029304504   0.9336459961785653
exile  573  94.33920478820801   0.9004689942678479
rebel  415  51.50163173675537   0.9279138440159805
grind  344  58.92117619514465   0.9402466562445718
sting  399  70.25870704650879   0.9306930693069307
spine  351  72.38813138008118   0.9390307451797811
cling  350  62.422295570373535   0.9392044467604655
desks  552  59.88102078437805   0.9041167274622199
grove  459  81.75359964370728   0.9202709744658676
leaps  401  53.99263834953308   0.9303456661455619
prose  380  77.16400599479675   0.933993399339934
lofty  421  54.510695934295654   0.9268716345318743
agony  469  67.52888131141663   0.9185339586590238
snare  447  68.2109899520874   0.9223553934340802
tusks  565  57.6340069770813   0.9018586069133229
bulls  515  53.6592333316803   0.9105436859475421
moods  470  42.596041440963745   0.9183602570783395
humid  400  60.32770752906799   0.9305193677262463
finer  395  57.638932943344116   0.9313878756296682
dimly  370  46.802714824676514   0.9357304151467778
plank  352  60.355512380599976   0.9388570435990967
china  359  64.94115543365479   0.937641132534306
pines  407  34.204843521118164   0.9293034566614556
guilt  430  50.08421730995178   0.9253083203057147
sacks  481  39.39201068878174   0.9164495396908112
brace  368  63.79962730407715   0.9360778183081466
quote  570  77.71919274330139   0.900990099009901
lathe  423  62.85097813606262   0.9265242313705054
gaily  439  50.19893550872803   0.9237450060795553
fonts  434  44.61726236343384   0.9246135139829772
scalp  321  63.82501554489136   0.9442417926003127
adopt  337  66.91173362731934   0.9414625673093625
foggy  542  71.30365252494812   0.9058537432690638
