mourn  408  56.63411355018616   0.9291297550807712
aloft  403  66.17847013473511   0.9299982629841932
abuse  509  110.40764880180359   0.9115858954316485
whirl  387  68.59326434135437   0.9327774882751433
edged  570  74.89852619171143   0.900990099009901
ovary  580  67.53962254524231   0.8992530832030572
quack  570  65.95184016227722   0.900990099009901
heaps  421  48.1487979888916   0.9268716345318743
slang  394  58.58808922767639   0.9315615772103526
await  514  69.13229513168335   0.9107173875282265
civic  593  88.4734103679657   0.8969949626541601
saint  388  44.680734634399414   0.9326037866944589
bevel  390  54.120140075683594   0.9322563835330901
sonar  432  52.28135108947754   0.924960917144346
aunts  499  41.70338678359985   0.9133229112384923
packs  407  50.70578193664551   0.9293034566614556
froze  485  76.53333020210266   0.9157547333680737
tonic  369  49.2346625328064   0.9359041167274622
corps  364  43.626211166381836   0.9367726246308842
swarm  426  77.72121286392212   0.9260031266284523
frank  455  66.8112440109253   0.9209657807886051
repay  451  76.23729991912842   0.9216605871113427
gaunt  418  52.19006276130676   0.9273927392739274
wired  397  49.426525592803955   0.9310404724682995
niece  487  61.56930184364319   0.9154073302067048
cello  459  73.0075581073761   0.9202709744658676
needy  533  74.67978930473328   0.9074170574952232
chuck  515  83.55473470687866   0.9105436859475421
stony  450  64.54920530319214   0.9218342886920271
media  372  73.93044447898865   0.9353830119854091
surge  460  70.12539458274841   0.9200972728851833
hurts  474  49.38071942329407   0.9176654507556019
repel  365  47.586798667907715   0.9365989230501998
husky  623  85.56776475906372   0.8917839152336287
dated  486  55.85533404350281   0.9155810317873893
hunts  453  42.94744658470154   0.921313183949974
mists  456  45.85350966453552   0.9207920792079208
exert  618  95.1560423374176   0.8926524231370505
dries  440  37.872629165649414   0.9235713044988709
mates  406  36.79256558418274   0.9294771582421401
sworn  457  63.35141348838806   0.9206183776272364
baker  417  57.927934646606445   0.9275664408546118
spice  313  76.08692502975464   0.9456314052457877
oasis  567  48.28211069107056   0.9015112037519541
boils  399  34.421623945236206   0.9306930693069307
spurs  453  47.23971962928772   0.921313183949974
doves  505  41.83521294593811   0.9122807017543859
sneak  507  89.6367757320404   0.9119332985930172
paces  395  41.024760723114014   0.9313878756296682
colon  405  54.42574119567871   0.9296508598228244
