bored  356  43.72380995750427   0.9381622372763592
chant  366  49.837204933166504   0.9364252214695153
acids  429  48.108808279037476   0.9254820218863992
dough  433  53.41068983078003   0.9247872155636616
camps  317  42.60915780067444   0.9449365989230502
swore  479  69.74944233894348   0.9167969428521799
lover  438  52.032803773880005   0.9239187076602398
hooks  570  52.8081431388855   0.900990099009901
males  413  34.80441188812256   0.9282612471773494
cocoa  584  76.18067121505737   0.8985582768803196
punch  304  58.27807569503784   0.9471947194719472
award  490  66.81994152069092   0.9148862254646517
reins  460  44.727606534957886   0.9200972728851833
ninth  455  60.19001841545105   0.9209657807886051
noses  536  40.52479672431946   0.90689595275317
links  450  46.3969566822052   0.9218342886920271
drain  355  54.30177640914917   0.9383359388570436
fills  512  52.20662021636963   0.9110647906895952
nylon  488  73.29417943954468   0.9152336286260205
lunar  412  65.57700085639954   0.9284349487580337
pulse  381  87.15410923957825   0.9338196977592496
flown  317  68.8488290309906   0.9449365989230502
elbow  417  115.66944360733032   0.9275664408546118
fatal  433  55.78451585769653   0.9247872155636616
sites  493  43.613463163375854   0.9143651207225986
moths  390  44.61726093292236   0.9322563835330901
meats  410  50.54657196998596   0.9287823519194025
foxes  573  49.60522150993347   0.9004689942678479
mined  353  48.21227169036865   0.9386833420184124
attic  436  87.35866570472717   0.9242661108216085
fiery  465  73.94499659538269   0.9192287649817613
mount  372  53.33215069770813   0.9353830119854091
usage  557  97.47776222229004   0.903248219558798
swear  483  78.27339792251587   0.9161021365294424
snowy  530  62.54924297332764   0.9079381622372764
rusty  496  74.61143398284912   0.9138440159805454
scare  402  59.637784242630005   0.9301719645648775
traps  364  46.9447717666626   0.9367726246308842
relax  488  75.62504363059998   0.9152336286260205
react  411  65.39720249176025   0.9286086503387181
valid  408  53.385298013687134   0.9291297550807712
robin  376  57.575417280197144   0.9346882056626715
cease  515  78.66294836997986   0.9105436859475421
gills  526  45.38771986961365   0.9086329685600139
prior  450  58.98548197746277   0.9218342886920271
safer  446  49.91481804847717   0.9225290950147647
polio  398  51.91422653198242   0.930866770887615
loyal  560  64.94603681564331   0.9027271148167448
swell  567  95.32879185676575   0.9015112037519541
salty  444  48.26941680908203   0.9228764981761334
