parts  365  44.792054891586304   0.9365989230501998
young  482  60.75783085823059   0.9162758381101268
story  462  64.73804473876953   0.9197498697238145
point  321  50.322484493255615   0.9442417926003127
times  391  37.15879940986633   0.9320826819524057
heard  425  58.52750205993652   0.9261768282091367
whole  384  67.54841089248657   0.9332985930171964
white  415  71.46617531776428   0.9279138440159805
given  439  54.17380166053772   0.9237450060795553
means  428  45.45760989189148   0.9256557234670836
music  432  93.85779142379761   0.924960917144346
miles  410  43.569520711898804   0.9287823519194025
thing  364  56.93930101394653   0.9367726246308842
today  456  55.63521695137024   0.9207920792079208
later  384  52.60501480102539   0.9332985930171964
using  518  104.81430196762085   0.910022581205489
money  385  49.10627865791321   0.9331248914365121
lines  428  39.34420299530029   0.9256557234670836
order  508  61.691365003585815   0.9117595970123328
group  417  64.33772158622742   0.9275664408546118
among  354  74.35852193832397   0.938509640437728
learn  418  59.537718296051025   0.9273927392739274
known  484  73.26484203338623   0.9159284349487581
space  322  74.65491247177124   0.9440680910196283
table  382  55.206427812576294   0.9336459961785653
early  523  74.28304982185364   0.9091540733020671
trees  532  44.81893348693848   0.9075907590759076
short  426  65.40206336975098   0.9260031266284523
hands  393  43.48312449455261   0.931735278791037
state  548  73.64033055305481   0.9048115337849575
black  350  69.42524337768555   0.9392044467604655
shown  442  67.9170618057251   0.9232239013375022
stood  483  66.83654165267944   0.9161021365294424
front  358  61.66672468185425   0.9378148341149904
voice  450  59.75279664993286   0.9218342886920271
kinds  454  42.71261954307556   0.9211394823692896
makes  461  42.94158697128296   0.9199235713044989
comes  405  40.90460920333862   0.9296508598228244
close  397  87.87816381454468   0.9310404724682995
power  355  48.94119691848755   0.9383359388570436
lived  414  52.422470569610596   0.928087545596665
vowel  413  57.7893545627594   0.9282612471773494
taken  461  48.13070821762085   0.9199235713044989
built  396  52.74666786193848   0.9312141740489839
heart  459  65.0808048248291   0.9202709744658676
ready  490  62.90227174758911   0.9148862254646517
quite  577  68.48390054702759   0.8997741879451103
class  473  45.96729397773743   0.9178391523362862
bring  344  55.65515184402466   0.9402466562445718
round  439  45.39064955711365   0.9237450060795553
