event  566  98.61348128318787   0.9016849053326386
worse  459  67.78765368461609   0.9202709744658676
aware  583  79.42167401313782   0.8987319784610039
shell  536  85.00530076026917   0.90689595275317
rooms  472  42.69258189201355   0.9180128539169706
ranch  355  50.91229057312012   0.9383359388570436
image  414  75.15246152877808   0.928087545596665
snake  466  75.07625031471252   0.9190550634010769
aloud  446  63.9798150062561   0.9225290950147647
dried  461  49.27619028091431   0.9199235713044989
likes  501  47.00926899909973   0.9129755080771235
motor  428  60.739792346954346   0.9256557234670836
pound  359  46.31832480430603   0.937641132534306
knees  558  50.899128437042236   0.9030745179781136
refer  603  64.25189018249512   0.8952579468473163
fully  538  70.44229006767273   0.9065485495918013
chain  403  66.26254796981812   0.9299982629841932
shirt  400  67.55282640457153   0.9305193677262463
flour  423  59.35664105415344   0.9265242313705054
drops  338  45.09086346626282   0.9412888657286781
spite  363  67.56798815727234   0.9369463262115685
orbit  391  64.35916781425476   0.9320826819524057
banks  392  42.78241443634033   0.9319089803717214
shoot  509  70.1180944442749   0.9115858954316485
curve  491  73.33222079277039   0.9147125238839674
tribe  392  66.8985743522644   0.9319089803717214
tight  508  70.7606770992279   0.9117595970123328
blind  301  58.256685972213745   0.9477158242140004
slept  358  68.82860326766968   0.9378148341149904
shade  395  71.6131603717804   0.9313878756296682
claim  283  55.12588930130005   0.9508424526663193
flies  425  39.694724559783936   0.9261768282091367
theme  425  62.389562129974365   0.9261768282091367
queen  610  53.19925355911255   0.8940420357825256
fifth  470  68.12747478485107   0.9183602570783395
union  547  66.98444294929504   0.9049852353656418
hence  403  59.315096616744995   0.9299982629841932
straw  461  70.05071330070496   0.9199235713044989
entry  460  86.7366361618042   0.9200972728851833
issue  593  111.42841529846191   0.8969949626541601
birth  334  56.766918897628784   0.9419836720514156
feels  527  51.58124017715454   0.9084592669793295
anger  437  67.64703488349915   0.9240924092409241
brief  373  52.12299084663391   0.9352093104047247
rhyme  404  77.2827661037445   0.9298245614035088
glory  460  60.04354548454285   0.9200972728851833
guard  449  53.2876033782959   0.9220079902727115
flows  417  47.02777624130249   0.9275664408546118
flesh  448  98.81598472595215   0.9221816918533958
owned  394  54.87246489524841   0.9315615772103526
