crops  359  43.3132107257843   0.937641132534306
fruit  409  62.63331627845764   0.9289560535000868
stick  427  75.07680702209473   0.9258294250477679
wants  426  39.04633069038391   0.9260031266284523
stage  463  72.64964389801025   0.9195761681431301
sheep  412  56.44560766220093   0.9284349487580337
nouns  610  46.85735201835632   0.8940420357825256
plain  353  65.50752520561218   0.9386833420184124
drink  364  61.96143364906311   0.9367726246308842
bones  415  39.651758670806885   0.9279138440159805
apart  440  62.88464689254761   0.9235713044988709
turns  470  39.09859490394592   0.9183602570783395
moves  484  39.279712200164795   0.9159284349487581
touch  422  54.90083146095276   0.9266979329511899
angle  424  74.89862537384033   0.9263505297898211
based  402  60.428749561309814   0.9301719645648775
range  440  62.5272912979126   0.9235713044988709
marks  427  43.57492017745972   0.9258294250477679
tired  374  41.58090424537659   0.9350356088240404
older  399  61.309086322784424   0.9306930693069307
farms  386  45.89568591117859   0.9329511898558277
spend  342  72.86401033401489   0.9405940594059405
shoes  511  45.16610145568848   0.9112384922702796
goods  526  47.44329214096069   0.9086329685600139
chair  377  59.73840808868408   0.9345145040819871
twice  406  69.3051335811615   0.9294771582421401
cents  431  50.061249017715454   0.9251346187250304
empty  379  100.10347986221313   0.9341671009206184
alike  450  72.7072606086731   0.9218342886920271
style  444  76.45753240585327   0.9228764981761334
broke  395  70.96578693389893   0.9313878756296682
pairs  414  39.24711608886719   0.928087545596665
count  395  50.37177491188049   0.9313878756296682
enjoy  595  117.07170057296753   0.8966475594927914
score  411  64.80151605606079   0.9286086503387181
shore  446  71.81181049346924   0.9225290950147647
roots  528  44.17248725891113   0.9082855653986451
paint  319  45.76269745826721   0.9445891957616814
heads  454  49.16091465950012   0.9211394823692896
shook  593  74.44935750961304   0.8969949626541601
serve  540  63.7186222076416   0.9062011464304325
angry  489  65.64228296279907   0.9150599270453361
crowd  390  63.24985885620117   0.9322563835330901
wheel  419  57.574440240859985   0.927219037693243
quick  542  71.34602570533752   0.9058537432690638
dress  497  54.74653244018555   0.913670314399861
share  446  62.25829076766968   0.9225290950147647
alive  480  77.9704098701477   0.9166232412714955
noise  459  62.856491804122925   0.9202709744658676
solid  383  48.96124482154846   0.9334722945978808
