reads  464  49.13799071311951   0.9194024665624457
ducks  506  45.45128917694092   0.9121070001737016
dairy  467  48.249884843826294   0.9188813618203926
worst  453  65.10279154777527   0.921313183949974
gifts  411  46.374961376190186   0.9286086503387181
lists  460  49.22145867347717   0.9200972728851833
stops  429  44.058703660964966   0.9254820218863992
rapid  308  55.491568088531494   0.9464999131492097
brick  345  64.8869833946228   0.9400729546638874
claws  423  47.09956693649292   0.9265242313705054
beads  428  46.87688493728638   0.9256557234670836
beast  421  77.49066543579102   0.9268716345318743
skirt  433  62.02146792411804   0.9247872155636616
cakes  477  41.05694246292114   0.9171443460135488
lions  444  36.69835805892944   0.9228764981761334
frogs  440  49.08433794975281   0.9235713044988709
tries  454  39.075623750686646   0.9211394823692896
nerve  566  70.58439469337463   0.9016849053326386
grand  388  56.01357650756836   0.9326037866944589
armed  353  58.90354681015015   0.9386833420184124
treat  548  85.10020804405212   0.9048115337849575
honey  428  51.26871418952942   0.9256557234670836
moist  372  62.78020882606506   0.9353830119854091
legal  522  88.7677960395813   0.9093277748827514
penny  501  78.58290457725525   0.9129755080771235
crown  396  62.459871768951416   0.9312141740489839
shock  448  71.07701706886292   0.9221816918533958
taxes  537  40.463228702545166   0.9067222511724856
sixty  550  65.61591815948486   0.9044641306235887
altar  463  67.73055076599121   0.9195761681431301
pulls  481  48.62439942359924   0.9164495396908112
sport  363  65.85678601264954   0.9369463262115685
drums  436  44.112409353256226   0.9242661108216085
talks  429  40.30210876464844   0.9254820218863992
dying  436  62.39597535133362   0.9242661108216085
dates  444  39.0985963344574   0.9228764981761334
drank  413  55.682958126068115   0.9282612471773494
blows  384  43.99230122566223   0.9332985930171964
lever  491  59.363898515701294   0.9147125238839674
wages  474  40.22594118118286   0.9176654507556019
proof  474  65.44991254806519   0.9176654507556019
drugs  482  43.37322640419006   0.9162758381101268
tanks  453  43.7516131401062   0.921313183949974
sings  466  42.439208030700684   0.9190550634010769
tails  409  39.895874977111816   0.9289560535000868
pause  443  70.86753535270691   0.9230501997568178
herds  445  51.15590572357178   0.9227027965954491
arose  480  75.14069676399231   0.9166232412714955
hated  395  49.07405233383179   0.9313878756296682
clues  448  36.56360077857971   0.9221816918533958
