dense  452  75.3623628616333   0.9214868855306584
linen  490  55.73666715621948   0.9148862254646517
geese  599  91.33887934684753   0.8959527531700539
woven  414  56.302574634552   0.928087545596665
posts  458  40.852895975112915   0.920444676046552
hired  399  52.64995098114014   0.9306930693069307
wrath  389  58.259944677352905   0.9324300851137746
salad  492  55.107333183288574   0.914538822303283
bowed  344  51.260438203811646   0.9402466562445718
tires  436  41.9050555229187   0.9242661108216085
shark  485  72.66876578330994   0.9157547333680737
belts  396  48.23031210899353   0.9312141740489839
grasp  360  81.78638553619385   0.9374674309536217
blast  363  72.48080396652222   0.9369463262115685
polar  347  54.18403100967407   0.9397255515025187
fungi  416  71.11879777908325   0.9277401424352961
tends  433  47.986186027526855   0.9247872155636616
pearl  356  68.57675170898438   0.9381622372763592
loads  452  41.17509937286377   0.9214868855306584
jokes  606  48.57115364074707   0.8947368421052632
veins  526  49.47437119483948   0.9086329685600139
frost  410  77.83779263496399   0.9287823519194025
hears  478  47.231863498687744   0.9169706444328644
loses  545  42.94158744812012   0.9053326385270106
hosts  540  50.85612201690674   0.9062011464304325
diver  423  57.81517004966736   0.9265242313705054
phase  396  85.84369683265686   0.9312141740489839
toads  464  42.987619161605835   0.9194024665624457
alert  440  85.75576591491699   0.9235713044988709
tasks  538  43.90790128707886   0.9065485495918013
seams  488  50.94354009628296   0.9152336286260205
coral  409  57.867392778396606   0.9289560535000868
focus  477  43.33316135406494   0.9171443460135488
naked  435  56.25421214103699   0.9244398124022929
puppy  628  86.46470093727112   0.8909154073302067
jumps  443  53.364750623703   0.9230501997568178
spoil  335  61.222200870513916   0.9418099704707313
quart  593  67.58016681671143   0.8969949626541601
macro  343  58.515785455703735   0.9404203578252562
fears  478  51.20473051071167   0.9169706444328644
flung  368  63.918761253356934   0.9360778183081466
spark  408  78.13957357406616   0.9291297550807712
vivid  623  86.69031929969788   0.8917839152336287
brook  503  64.21858930587769   0.9126281049157547
steer  520  54.878212690353394   0.9096751780441202
spray  425  66.75651431083679   0.9261768282091367
decay  457  72.04863619804382   0.9206183776272364
ports  370  41.580347537994385   0.9357304151467778
socks  518  43.99281072616577   0.910022581205489
urban  469  67.49228549003601   0.9185339586590238
