novel  410  51.749661445617676   0.9287823519194025
shame  383  71.08338356018066   0.9334722945978808
burnt  370  48.84653949737549   0.9357304151467778
races  437  39.05223226547241   0.9240924092409241
flash  410  79.2249345779419   0.9287823519194025
weary  533  62.75918984413147   0.9074170574952232
heels  537  47.698631048202515   0.9067222511724856
token  423  47.04093408584595   0.9265242313705054
coats  488  38.77833318710327   0.9152336286260205
spare  380  66.44789457321167   0.933993399339934
shiny  479  63.15513801574707   0.9167969428521799
alarm  440  62.80945706367493   0.9235713044988709
dimes  420  35.792165756225586   0.9270453361125586
sixth  464  57.81619882583618   0.9194024665624457
clerk  437  70.99401569366455   0.9240924092409241
mercy  384  62.5507276058197   0.9332985930171964
sunny  648  58.03344011306763   0.887441375716519
guest  495  89.91128706932068   0.9140177175612298
float  376  64.52179479598999   0.9346882056626715
shone  398  65.80242943763733   0.930866770887615
pipes  491  38.6508469581604   0.9147125238839674
worms  392  40.76692295074463   0.9319089803717214
bills  489  40.56576132774353   0.9150599270453361
sweat  494  82.64412474632263   0.9141914191419142
suits  531  43.25602078437805   0.907764460656592
smart  397  67.5142331123352   0.9310404724682995
upset  416  62.66200494766235   0.9277401424352961
rains  458  34.86007380485535   0.920444676046552
sandy  458  45.083561420440674   0.920444676046552
rainy  448  46.14157772064209   0.9221816918533958
parks  421  42.10380291938782   0.9268716345318743
sadly  494  55.28505897521973   0.9141914191419142
fancy  415  46.698182106018066   0.9279138440159805
rider  464  50.913732051849365   0.9194024665624457
unity  493  48.64142417907715   0.9143651207225986
bunch  326  51.8985550403595   0.9433732846968907
rolls  533  42.02711749076843   0.9074170574952232
crash  379  74.92833065986633   0.9341671009206184
craft  375  52.64506816864014   0.9348619072433559
newly  477  68.19145894050598   0.9171443460135488
gates  449  38.20216774940491   0.9220079902727115
hatch  420  53.83542227745056   0.9270453361125586
paths  363  40.777663707733154   0.9369463262115685
funds  455  40.110713720321655   0.9209657807886051
wider  385  51.96984314918518   0.9331248914365121
grace  395  65.83423590660095   0.9313878756296682
grave  499  77.7494421005249   0.9133229112384923
tides  452  38.17431354522705   0.9214868855306584
admit  345  67.94686579704285   0.9400729546638874
shift  440  62.82019805908203   0.9235713044988709
