ferns  432  45.71191906929016   0.924960917144346
grams  388  42.3508038520813   0.9326037866944589
clump  276  61.66200041770935   0.95205836373111
perch  317  70.75528287887573   0.9449365989230502
tumor  409  61.194838762283325   0.9289560535000868
teens  524  44.372159242630005   0.9089803717213827
crank  421  60.16560506820679   0.9268716345318743
fable  370  59.36292362213135   0.9357304151467778
hedge  395  63.43492674827576   0.9313878756296682
genes  507  41.16533374786377   0.9119332985930172
sober  450  46.49507117271423   0.9218342886920271
boast  426  56.68289494514465   0.9260031266284523
tract  448  58.52118134498596   0.9221816918533958
cigar  397  59.63737201690674   0.9310404724682995
unite  449  65.8283314704895   0.9220079902727115
owing  403  66.71061658859253   0.9299982629841932
thigh  513  60.77838182449341   0.9108910891089109
haiku  476  53.72702956199646   0.9173180475942331
swish  551  71.0629301071167   0.9042904290429042
dikes  495  36.363882303237915   0.9140177175612298
wedge  415  69.30806469917297   0.9279138440159805
booth  422  51.879491567611694   0.9266979329511899
eased  532  65.4909257888794   0.9075907590759076
frail  367  60.032291650772095   0.936251519888831
cough  433  52.71732759475708   0.9247872155636616
tombs  369  37.36967849731445   0.9359041167274622
darts  396  41.77759861946106   0.9312141740489839
forts  451  37.14801287651062   0.9216605871113427
choir  409  55.524765729904175   0.9289560535000868
pouch  353  55.625855922698975   0.9386833420184124
pinch  274  55.1098051071167   0.9524057668924787
hairy  461  49.146268367767334   0.9199235713044989
buyer  491  50.678908586502075   0.9147125238839674
torch  371  50.53680443763733   0.9355567135660935
vigor  456  62.39593315124512   0.9207920792079208
waltz  417  50.327834606170654   0.9275664408546118
heats  463  44.00894570350647   0.9195761681431301
herbs  443  48.44709396362305   0.9230501997568178
users  667  59.71543788909912   0.8841410456835157
flint  343  52.71342325210571   0.9404203578252562
click  458  58.93912172317505   0.920444676046552
madam  513  63.22888660430908   0.9108910891089109
bleak  440  92.8568754196167   0.9235713044988709
blunt  338  55.46180605888367   0.9412888657286781
aided  523  56.84699487686157   0.9091540733020671
lacks  421  40.09313654899597   0.9268716345318743
masks  486  43.918598890304565   0.9155810317873893
waded  465  52.86775302886963   0.9192287649817613
risks  562  51.34632229804993   0.9023797116553761
nurse  491  71.91300082206726   0.9147125238839674
