marsh  380  69.89447474479675   0.933993399339934
vague  528  71.5301125049591   0.9082855653986451
weave  568  71.8562650680542   0.9013375021712697
mound  350  48.77570986747742   0.9392044467604655
seals  504  43.88390779495239   0.9124544033350703
mules  445  38.729942321777344   0.9227027965954491
virus  560  44.847718238830566   0.9027271148167448
scout  435  59.22570180892944   0.9244398124022929
acute  455  71.97154140472412   0.9209657807886051
windy  431  51.39129114151001   0.9251346187250304
stout  567  67.04750895500183   0.9015112037519541
folds  408  37.99268460273743   0.9291297550807712
seize  575  65.6364688873291   0.900121591106479
hilly  517  55.45543599128723   0.9101962827861734
joins  527  39.26023030281067   0.9084592669793295
pluck  339  57.38504672050476   0.9411151641479938
stack  464  71.44171476364136   0.9194024665624457
lords  420  42.68867325782776   0.9270453361125586
dunes  463  36.1627242565155   0.9195761681431301
burro  514  64.42165684700012   0.9107173875282265
hawks  445  41.30790305137634   0.9227027965954491
trout  551  57.34701895713806   0.9042904290429042
feeds  530  47.7322952747345   0.9079381622372764
scarf  432  67.64703679084778   0.924960917144346
halls  511  40.43881893157959   0.9112384922702796
coals  446  41.46660614013672   0.9225290950147647
towel  397  43.73255109786987   0.9310404724682995
souls  560  39.94183111190796   0.9027271148167448
elect  429  78.54626560211182   0.9254820218863992
buggy  535  70.08340454101562   0.9070696543338544
pumps  467  51.37515616416931   0.9188813618203926
loans  468  40.907538414001465   0.9187076602397082
spins  410  42.979716777801514   0.9287823519194025
files  430  37.436079025268555   0.9253083203057147
oxide  494  81.89720177650452   0.9141914191419142
pains  375  35.510422468185425   0.9348619072433559
photo  387  58.3971631526947   0.9327774882751433
rival  410  68.22466158866882   0.9287823519194025
flats  410  40.09802198410034   0.9287823519194025
syrup  449  64.9294364452362   0.9220079902727115
rodeo  464  47.869518995285034   0.9194024665624457
sands  453  40.124430418014526   0.921313183949974
moose  487  87.90406513214111   0.9154073302067048
pints  379  38.84763431549072   0.9341671009206184
curly  424  50.0954270362854   0.9263505297898211
comic  403  57.34012198448181   0.9299982629841932
cloak  398  57.208253145217896   0.930866770887615
onion  578  69.68559980392456   0.8996004863644259
clams  362  38.852519035339355   0.9371200277922529
scrap  337  62.544824838638306   0.9414625673093625
