siege  534  63.87774729728699   0.9072433559145389
strum  389  63.83724594116211   0.9324300851137746
drier  467  48.88507843017578   0.9188813618203926
cacao  575  63.17029428482056   0.900121591106479
humus  550  52.80325984954834   0.9044641306235887
bales  429  37.077704668045044   0.9254820218863992
piped  444  52.29450511932373   0.9228764981761334
nasty  515  62.632710218429565   0.9105436859475421
rinse  445  67.85317850112915   0.9227027965954491
boxer  443  54.20993518829346   0.9230501997568178
shrub  446  64.00375747680664   0.9225290950147647
amuse  461  94.20788335800171   0.9199235713044989
tacks  455  40.716142654418945   0.9209657807886051
cited  388  47.50481915473938   0.9326037866944589
slung  431  59.01091814041138   0.9251346187250304
delta  382  64.61891055107117   0.9336459961785653
laden  392  45.6093852519989   0.9319089803717214
larva  527  63.73029708862305   0.9084592669793295
rents  438  42.24143719673157   0.9239187076602398
yells  604  51.02114725112915   0.8950842452666319
spool  430  64.77710485458374   0.9253083203057147
spill  428  68.28957343101501   0.9256557234670836
crush  441  74.70517945289612   0.9233976029181865
jewel  477  55.76647114753723   0.9171443460135488
snaps  425  41.57546544075012   0.9261768282091367
stain  429  60.27549076080322   0.9254820218863992
kicks  569  53.144570112228394   0.9011638005905854
tying  423  58.30095624923706   0.9265242313705054
slits  414  41.79959583282471   0.928087545596665
rated  383  46.93254113197327   0.9334722945978808
eerie  583  64.98807287216187   0.8987319784610039
smash  460  69.18014144897461   0.9200972728851833
plums  356  42.48900127410889   0.9381622372763592
zebra  547  95.59888434410095   0.9049852353656418
earns  472  44.106088638305664   0.9180128539169706
bushy  569  86.18979525566101   0.9011638005905854
scary  464  64.28253126144409   0.9194024665624457
squad  616  73.57495069503784   0.8929998262984193
tutor  542  58.082220792770386   0.9058537432690638
silks  479  38.11916542053223   0.9167969428521799
slabs  445  42.24729585647583   0.9227027965954491
bumps  348  45.67192459106445   0.9395518499218343
evils  554  56.74246120452881   0.9037693243008511
fangs  402  43.55636382102966   0.9301719645648775
snout  444  60.669533014297485   0.9228764981761334
peril  338  58.29216551780701   0.9412888657286781
pivot  347  54.720131397247314   0.9397255515025187
yacht  409  53.0717990398407   0.9289560535000868
lobby  475  63.82217216491699   0.9174917491749175
jeans  541  52.44786524772644   0.9060274448497482
