goals  461  38.664050579071045   0.9199235713044989
grant  386  56.82546544075012   0.9329511898558277
minus  450  43.876096963882446   0.9218342886920271
films  363  41.74341821670532   0.9369463262115685
tunes  482  36.16467761993408   0.9162758381101268
shaft  467  70.93059349060059   0.9188813618203926
firms  398  42.21558499336243   0.930866770887615
skies  547  36.815539598464966   0.9049852353656418
bride  326  66.23603820800781   0.9433732846968907
wreck  422  81.6100561618805   0.9266979329511899
flock  340  61.81537914276123   0.9409414625673094
stare  447  61.92386507987976   0.9223553934340802
hobby  494  63.40902781486511   0.9141914191419142
bonds  374  43.147629261016846   0.9350356088240404
dared  483  47.6893310546875   0.9161021365294424
faded  461  62.24796748161316   0.9199235713044989
thief  433  50.443060874938965   0.9247872155636616
crude  401  66.32485771179199   0.9303456661455619
pants  376  35.55631685256958   0.9346882056626715
flute  401  60.45999836921692   0.9303456661455619
votes  484  39.384197473526   0.9159284349487581
tonal  368  49.25563669204712   0.9360778183081466
radar  528  60.846224308013916   0.9082855653986451
wells  517  53.07184910774231   0.9101962827861734
skull  584  71.47543120384216   0.8985582768803196
hairs  464  41.60475945472717   0.9194024665624457
argue  495  72.32205629348755   0.9140177175612298
wears  487  43.64857244491577   0.9154073302067048
dolls  490  38.61671423912048   0.9148862254646517
voted  408  46.055644273757935   0.9291297550807712
caves  489  40.68685030937195   0.9150599270453361
cared  375  47.25432014465332   0.9348619072433559
broom  441  59.59188890457153   0.9233976029181865
scent  399  69.75776433944702   0.9306930693069307
panel  354  45.705594301223755   0.938509640437728
fairy  482  47.00870990753174   0.9162758381101268
olive  482  73.17649364471436   0.9162758381101268
bends  387  50.095470905303955   0.9327774882751433
prism  313  71.78790974617004   0.9456314052457877
lamps  329  42.13695192337036   0.9428521799548376
cable  333  57.437264919281006   0.9421573736321001
peach  321  68.37749314308167   0.9442417926003127
ruins  495  40.85676026344299   0.9140177175612298
rally  528  53.36484336853027   0.9082855653986451
schwa  465  95.87281894683838   0.9192287649817613
lambs  356  39.09905958175659   0.9381622372763592
sells  569  48.215664863586426   0.9011638005905854
cools  480  41.14045333862305   0.9166232412714955
draft  390  57.776153564453125   0.9322563835330901
charm  308  59.25993013381958   0.9464999131492097
