horse  439  71.29867935180664   0.9237450060795553
shows  495  51.5133056640625   0.9140177175612298
piece  401  58.36345195770264   0.9303456661455619
green  475  47.996927976608276   0.9174917491749175
stand  394  61.01974415779114   0.9315615772103526
birds  386  38.669920682907104   0.9329511898558277
start  546  67.5382182598114   0.9051589369463262
river  520  55.99739170074463   0.9096751780441202
tried  372  47.20451998710632   0.9353830119854091
least  409  63.834317207336426   0.9289560535000868
field  412  56.38222861289978   0.9284349487580337
whose  484  89.64660620689392   0.9159284349487581
girls  421  36.167606592178345   0.9268716345318743
leave  548  58.44743061065674   0.9048115337849575
added  596  70.18691349029541   0.896473857912107
color  452  51.73887538909912   0.9214868855306584
third  356  49.296650886535645   0.9381622372763592
hours  521  39.97986173629761   0.9095014764634358
moved  372  47.15030217170715   0.9353830119854091
plant  318  55.314818143844604   0.9447628973423658
doing  359  52.29794359207153   0.937641132534306
names  426  39.8988151550293   0.9260031266284523
forms  388  40.41055154800415   0.9326037866944589
heavy  589  67.77644658088684   0.8976897689768977
ideas  503  49.95773983001709   0.9126281049157547
cried  359  43.00505876541138   0.937641132534306
check  540  99.37208271026611   0.9062011464304325
floor  457  62.063454151153564   0.9206183776272364
begin  394  72.96166062355042   0.9315615772103526
woman  333  62.27824139595032   0.9421573736321001
alone  408  69.55465245246887   0.9291297550807712
plane  350  57.79368782043457   0.9392044467604655
spell  459  84.49459147453308   0.9202709744658676
watch  335  54.16696739196777   0.9418099704707313
carry  489  45.51080656051636   0.9150599270453361
wrote  378  59.38831186294556   0.9343408025013028
clear  402  64.88112497329712   0.9301719645648775
named  370  48.273319721221924   0.9357304151467778
books  520  46.48042416572571   0.9096751780441202
child  325  49.8981728553772   0.9435469862775752
glass  502  45.0196692943573   0.9128018064964392
human  412  60.62605619430542   0.9284349487580337
takes  499  37.204652070999146   0.9133229112384923
party  379  50.56708073616028   0.9341671009206184
build  383  47.56530809402466   0.9334722945978808
seems  557  49.76736879348755   0.903248219558798
blood  382  53.729023694992065   0.9336459961785653
sides  514  35.37864637374878   0.9107173875282265
seven  529  53.06305384635925   0.9081118638179607
mouth  391  49.83860802650452   0.9320826819524057
