trick  375  54.07271122932434   0.9348619072433559
yours  597  39.95349717140198   0.8963001563314226
sizes  596  41.71022081375122   0.896473857912107
noted  384  44.536213636398315   0.9332985930171964
width  379  54.14604687690735   0.9341671009206184
burst  423  72.75269222259521   0.9265242313705054
route  451  56.46224880218506   0.9216605871113427
lungs  476  42.8883900642395   0.9173180475942331
uncle  385  70.71278214454651   0.9331248914365121
bears  444  43.39864110946655   0.9228764981761334
royal  484  60.2286102771759   0.9159284349487581
kings  455  42.68281412124634   0.9209657807886051
forty  450  48.024269580841064   0.9218342886920271
trial  374  58.34587645530701   0.9350356088240404
cards  383  40.11461877822876   0.9334722945978808
brass  482  48.260581970214844   0.9162758381101268
opera  438  86.6721875667572   0.9239187076602398
chose  438  82.85114169120789   0.9239187076602398
owner  462  58.792136907577515   0.9197498697238145
vapor  401  58.52215504646301   0.9303456661455619
beats  438  42.84393763542175   0.9239187076602398
mouse  454  70.08052563667297   0.9211394823692896
tough  466  49.41336488723755   0.9190550634010769
wires  486  40.32554507255554   0.9155810317873893
meter  418  49.96508812904358   0.9273927392739274
tower  420  46.86418867111206   0.9270453361125586
finds  408  43.3605055809021   0.9291297550807712
inner  504  58.129135608673096   0.9124544033350703
stuck  474  70.614675283432   0.9176654507556019
arrow  573  71.56377720832825   0.9004689942678479
poems  384  47.64980411529541   0.9332985930171964
label  450  51.75891852378845   0.9218342886920271
swing  462  73.42108154296875   0.9197498697238145
solar  429  52.31845307350159   0.9254820218863992
truly  449  48.90851712226868   0.9220079902727115
tense  499  70.4047167301178   0.9133229112384923
beans  426  48.44123601913452   0.9260031266284523
split  327  61.07472801208496   0.9431995831162063
rises  550  45.684617042541504   0.9044641306235887
weigh  455  66.86193084716797   0.9209657807886051
hotel  362  46.236857652664185   0.9371200277922529
stems  452  57.26154589653015   0.9214868855306584
pride  311  62.619038581848145   0.9459788084071565
swung  485  68.0259199142456   0.9157547333680737
grade  407  62.686463356018066   0.9293034566614556
digit  505  58.35079765319824   0.9122807017543859
badly  390  49.65019369125366   0.9322563835330901
boots  498  41.77471446990967   0.9134966128191766
pilot  300  49.448986291885376   0.9478895257946848
sales  491  35.79360485076904   0.9147125238839674
