cloth  324  50.93521738052368   0.9437206878582595
signs  467  46.05759787559509   0.9188813618203926
hills  516  47.87049627304077   0.9103699843668578
types  433  42.44603490829468   0.9247872155636616
drawn  411  59.716413259506226   0.9286086503387181
worth  405  49.42164087295532   0.9296508598228244
truck  425  57.24145293235779   0.9261768282091367
piano  346  55.35583186149597   0.9398992530832031
upper  504  62.962302446365356   0.9124544033350703
loved  410  46.68019366264343   0.9287823519194025
usual  591  109.49256992340088   0.897342365815529
faces  446  39.55508613586426   0.9225290950147647
drove  445  64.79179835319519   0.9227027965954491
cabin  344  53.539541482925415   0.9402466562445718
boats  455  36.61391472816467   0.9209657807886051
towns  431  41.19565224647522   0.9251346187250304
proud  407  54.96034860610962   0.9293034566614556
court  431  49.13162040710449   0.9251346187250304
model  324  49.03299522399902   0.9437206878582595
prime  281  59.51083827018738   0.951189855827688
fifty  561  58.539222955703735   0.9025534132360604
plans  368  43.256022453308105   0.9360778183081466
yards  470  43.833128690719604   0.9183602570783395
prove  380  68.28469109535217   0.933993399339934
tools  496  41.111626863479614   0.9138440159805454
price  310  59.096335649490356   0.9461525099878408
sheet  513  46.19430923461914   0.9108910891089109
smell  479  85.18209862709045   0.9167969428521799
boxes  540  40.21668791770935   0.9062011464304325
raise  472  52.578667402267456   0.9180128539169706
match  288  54.35836124420166   0.9499739447628973
truth  500  59.51669883728027   0.9131492096578079
roads  458  39.542433977127075   0.920444676046552
threw  397  49.582764863967896   0.9310404724682995
enemy  497  83.05476307868958   0.913670314399861
lunch  345  58.14717960357666   0.9400729546638874
chart  378  54.9481725692749   0.9343408025013028
scene  446  75.4082543849945   0.9225290950147647
graph  326  60.18364858627319   0.9433732846968907
doubt  414  50.40060544013977   0.928087545596665
guide  454  66.8048768043518   0.9211394823692896
winds  422  42.481656551361084   0.9266979329511899
block  312  56.283042192459106   0.9458051068264721
grain  381  56.982722759246826   0.9338196977592496
smoke  423  78.50278782844543   0.9265242313705054
mixed  416  54.112841844558716   0.9277401424352961
games  416  38.28028917312622   0.9277401424352961
wagon  400  57.959693908691406   0.9305193677262463
sweet  531  53.463375091552734   0.907764460656592
topic  287  48.32503080368042   0.9501476463435817
