didst  461  82.59873652458191   0.9199235713044989
couch  526  64.6018877029419   0.9086329685600139
codes  443  38.06006479263306   0.9230501997568178
fails  418  38.09681463241577   0.9273927392739274
ounce  416  69.63909864425659   0.9277401424352961
lodge  361  56.494478702545166   0.9372937293729373
greet  460  52.016202211380005   0.9200972728851833
gypsy  556  105.61828398704529   0.9034219211394824
utter  556  60.91262698173523   0.9034219211394824
paved  351  51.102198123931885   0.9390307451797811
zones  531  42.226789236068726   0.907764460656592
fours  497  37.2920708656311   0.913670314399861
alley  532  54.85195779800415   0.9075907590759076
tiles  431  38.38133120536804   0.9251346187250304
bless  486  60.96047806739807   0.9155810317873893
crest  402  76.6196346282959   0.9301719645648775
elder  432  57.218993186950684   0.924960917144346
kills  568  44.57331848144531   0.9013375021712697
yeast  525  74.42687630653381   0.9088066701406983
erect  479  79.83622002601624   0.9167969428521799
bugle  374  65.52077674865723   0.9350356088240404
medal  359  77.64690685272217   0.937641132534306
roles  465  33.320133447647095   0.9192287649817613
hound  416  47.41102838516235   0.9277401424352961
snail  418  64.20049905776978   0.9273927392739274
alter  394  54.37543201446533   0.9315615772103526
ankle  453  77.10346341133118   0.921313183949974
relay  484  61.1313636302948   0.9159284349487581
loops  437  43.601704597473145   0.9240924092409241
zeros  584  53.07133388519287   0.8985582768803196
bites  420  36.49766421318054   0.9270453361125586
modes  423  38.265129804611206   0.9265242313705054
debts  423  46.95207142829895   0.9265242313705054
realm  378  65.14134073257446   0.9343408025013028
glove  433  71.3538293838501   0.9247872155636616
rayon  477  51.00506067276001   0.9171443460135488
swims  427  44.82037377357483   0.9258294250477679
poked  366  48.03305792808533   0.9364252214695153
stray  492  67.420907497406   0.914538822303283
lifts  407  38.909361124038696   0.9293034566614556
maker  419  55.040934324264526   0.927219037693243
lumps  359  40.80695915222168   0.937641132534306
graze  512  79.67509293556213   0.9110647906895952
dread  519  76.8476254940033   0.9098488796248045
barns  386  40.4925262928009   0.9329511898558277
docks  452  38.71041250228882   0.9214868855306584
masts  447  40.552600145339966   0.9223553934340802
pours  450  38.44726824760437   0.9218342886920271
wharf  399  62.210402727127075   0.9306930693069307
curse  447  70.09856486320496   0.9223553934340802
