chaos  463  44.51235914230347   0.9195761681431301
sewed  507  54.229976415634155   0.9119332985930172
cured  434  41.67409110069275   0.9246135139829772
ample  297  76.73629927635193   0.9484106305367379
lease  521  69.64207434654236   0.9095014764634358
steak  516  85.4272403717041   0.9103699843668578
sinks  502  42.603764295578   0.9128018064964392
merit  354  59.2999153137207   0.938509640437728
bluff  441  70.52287697792053   0.9233976029181865
bathe  393  52.03140091896057   0.931735278791037
gleam  395  87.41144132614136   0.9313878756296682
bonus  462  39.48528742790222   0.9197498697238145
colts  417  41.03839039802551   0.9275664408546118
shear  454  73.9542510509491   0.9211394823692896
gland  375  49.2805609703064   0.9348619072433559
silky  507  54.29242396354675   0.9119332985930172
skate  498  63.44762206077576   0.9134966128191766
birch  331  57.59838843345642   0.9425047767934688
anvil  433  71.12923693656921   0.9247872155636616
sleds  455  47.37782692909241   0.9209657807886051
groan  429  59.11731004714966   0.9254820218863992
maids  402  40.89972710609436   0.9301719645648775
meets  492  43.06755471229553   0.914538822303283
speck  385  86.93202519416809   0.9331248914365121
hymns  418  46.39058518409729   0.9273927392739274
hints  416  36.34095907211304   0.9277401424352961
drown  393  61.24803352355957   0.931735278791037
bosom  494  81.89956736564636   0.9141914191419142
slick  402  68.14895915985107   0.9301719645648775
quest  600  103.87713980674744   0.8957790515893694
coils  427  37.139737129211426   0.9258294250477679
spied  374  50.634453535079956   0.9350356088240404
snows  507  46.209468364715576   0.9119332985930172
stead  427  72.92697405815125   0.9258294250477679
snack  445  65.32199096679688   0.9227027965954491
plows  372  43.843873500823975   0.9353830119854091
blond  297  48.74980902671814   0.9484106305367379
tamed  352  44.77740669250488   0.9388570435990967
thorn  361  51.906370401382446   0.9372937293729373
waits  454  39.952521085739136   0.9211394823692896
glued  396  44.24521541595459   0.9312141740489839
banjo  467  65.64439487457275   0.9188813618203926
tease  583  69.76265048980713   0.8987319784610039
arena  529  82.36582112312317   0.9081118638179607
bulky  426  54.39058470726013   0.9260031266284523
carve  476  52.03182411193848   0.9173180475942331
stunt  506  64.02715229988098   0.9121070001737016
warms  391  40.90609431266785   0.9320826819524057
shady  515  61.226083278656006   0.9105436859475421
razor  600  62.89004826545715   0.8957790515893694
