extra  576  97.23409700393677   0.8999478895257946
plate  357  60.35267925262451   0.9379885356956749
title  450  53.75827741622925   0.9218342886920271
knife  477  75.76863527297974   0.9171443460135488
fence  399  60.58303689956665   0.9306930693069307
falls  520  40.8645715713501   0.9096751780441202
cloud  392  49.512500047683716   0.9319089803717214
wheat  450  87.48417067527771   0.9218342886920271
plays  425  45.76269483566284   0.9261768282091367
enter  487  61.19288468360901   0.9154073302067048
broad  382  53.400880098342896   0.9336459961785653
steam  415  82.8633713722229   0.9279138440159805
atoms  428  44.69784665107727   0.9256557234670836
press  476  59.51474475860596   0.9173180475942331
lying  413  53.60203957557678   0.9282612471773494
basis  508  38.84419250488281   0.9117595970123328
clock  439  64.38259768486023   0.9237450060795553
taste  546  62.685444355010986   0.9051589369463262
grows  453  46.20267152786255   0.921313183949974
thank  423  56.13851881027222   0.9265242313705054
storm  378  62.128371715545654   0.9343408025013028
agree  541  47.021404504776   0.9060274448497482
brain  352  58.05390119552612   0.9388570435990967
track  400  56.50470733642578   0.9305193677262463
smile  354  67.04356074333191   0.938509640437728
funny  535  59.421000480651855   0.9070696543338544
beach  390  71.72248363494873   0.9322563835330901
stock  431  71.0579526424408   0.9251346187250304
hurry  574  54.49311709403992   0.9002952926871635
saved  476  48.881638288497925   0.9173180475942331
sorry  599  53.82370400428772   0.8959527531700539
giant  391  50.94498085975647   0.9320826819524057
trail  388  55.205451011657715   0.9326037866944589
offer  570  76.07767605781555   0.900990099009901
ought  484  62.05364727973938   0.9159284349487581
rough  463  52.037684202194214   0.9195761681431301
daily  431  42.07852077484131   0.9251346187250304
avoid  478  68.48538851737976   0.9169706444328644
keeps  516  47.17373776435852   0.9103699843668578
throw  403  56.446582555770874   0.9299982629841932
allow  498  77.27681517601013   0.9134966128191766
cream  359  73.42010498046875   0.937641132534306
laugh  427  50.816593647003174   0.9258294250477679
edges  539  41.53792691230774   0.9063748480111169
teach  403  65.03885984420776   0.9299982629841932
frame  375  68.14016771316528   0.9348619072433559
bells  501  47.34318566322327   0.9129755080771235
dream  372  78.33971166610718   0.9353830119854091
magic  308  52.31454396247864   0.9464999131492097
occur  543  72.00515675544739   0.9056800416883793
