solve  475  54.53268909454346   0.9174917491749175
north  356  47.667847633361816   0.9381622372763592
value  496  58.20623445510864   0.9138440159805454
death  411  58.71796751022339   0.9286086503387181
maybe  399  58.6276171207428   0.9306930693069307
happy  499  59.221795082092285   0.9133229112384923
tells  505  48.60528755187988   0.9122807017543859
gives  500  38.73924446105957   0.9131492096578079
looks  543  39.93884992599487   0.9056800416883793
shape  360  68.6650619506836   0.9374674309536217
lives  487  36.325337648391724   0.9154073302067048
steps  426  52.60600709915161   0.9260031266284523
areas  608  48.75176286697388   0.8943894389438944
sense  578  62.913942098617554   0.8996004863644259
speak  448  90.358473777771   0.9221816918533958
force  387  57.37281370162964   0.9327774882751433
ocean  417  84.43266558647156   0.9275664408546118
speed  419  51.54942178726196   0.927219037693243
women  308  53.85741639137268   0.9464999131492097
metal  369  61.931581020355225   0.9359041167274622
south  484  49.87329626083374   0.9159284349487581
grass  523  44.502034425735474   0.9091540733020671
scale  345  63.37777876853943   0.9400729546638874
cells  494  46.140602588653564   0.9141914191419142
lower  426  46.74068331718445   0.9260031266284523
sleep  416  54.01900291442871   0.9277401424352961
wrong  404  58.832683801651   0.9298245614035088
pages  415  35.029985189437866   0.9279138440159805
ships  418  48.95878028869629   0.9273927392739274
needs  502  44.448326587677   0.9128018064964392
rocks  459  43.52455806732178   0.9202709744658676
eight  459  71.23469853401184   0.9202709744658676
major  456  56.215665340423584   0.9207920792079208
level  551  60.930670499801636   0.9042904290429042
total  477  55.55601358413696   0.9171443460135488
ahead  543  74.63014888763428   0.9056800416883793
reach  411  67.87995672225952   0.9286086503387181
stars  478  47.21084761619568   0.9169706444328644
store  404  60.83743643760681   0.9298245614035088
sight  416  57.09009552001953   0.9277401424352961
terms  373  42.95721197128296   0.9352093104047247
catch  429  56.48857021331787   0.9254820218863992
works  466  42.5402512550354   0.9190550634010769
board  388  51.60124182701111   0.9326037866944589
cover  435  52.04354476928711   0.9244398124022929
songs  493  40.397804975509644   0.9143651207225986
equal  595  113.38583159446716   0.8966475594927914
stone  411  63.63022494316101   0.9286086503387181
waves  522  39.857800245285034   0.9093277748827514
guess  646  55.80748796463013   0.8877887788778878
