limbs  346  42.22195243835449   0.9398992530832031
brake  435  67.77788925170898   0.9244398124022929
gazed  457  54.88129997253418   0.9206183776272364
cubes  447  39.47794222831726   0.9223553934340802
delay  465  60.529327630996704   0.9192287649817613
beams  412  48.73814153671265   0.9284349487580337
fetch  359  63.35094237327576   0.937641132534306
ranks  469  44.472740173339844   0.9185339586590238
array  671  61.38525462150574   0.8834462393607782
harsh  519  78.97736716270447   0.9098488796248045
camel  324  46.378867626190186   0.9437206878582595
vines  485  43.92301917076111   0.9157547333680737
picks  402  42.077385902404785   0.9301719645648775
naval  526  57.38694977760315   0.9086329685600139
purse  423  70.43494606018066   0.9265242313705054
rigid  449  60.00949835777283   0.9220079902727115
crawl  381  54.39886236190796   0.9338196977592496
toast  568  61.09722924232483   0.9013375021712697
soils  478  37.53424072265625   0.9169706444328644
sauce  449  53.38818550109863   0.9220079902727115
basin  374  69.84076642990112   0.9350356088240404
ponds  347  38.637176513671875   0.9397255515025187
twins  436  41.638936281204224   0.9242661108216085
wrist  417  71.62483525276184   0.9275664408546118
fluid  413  50.91373300552368   0.9282612471773494
pools  446  44.80181908607483   0.9225290950147647
brand  344  53.3457305431366   0.9402466562445718
stalk  445  59.88386297225952   0.9227027965954491
robot  487  56.13070774078369   0.9154073302067048
reeds  527  45.81738090515137   0.9084592669793295
hoofs  508  45.2676100730896   0.9117595970123328
buses  543  44.22470831871033   0.9056800416883793
sheer  522  50.75261116027832   0.9093277748827514
grief  417  50.69987988471985   0.9275664408546118
bloom  334  63.30310249328613   0.9419836720514156
dwelt  414  66.157874584198   0.928087545596665
melts  390  47.8563117980957   0.9322563835330901
risen  428  60.201385498046875   0.9256557234670836
flags  425  46.836382150650024   0.9261768282091367
knelt  421  74.39953446388245   0.9268716345318743
fiber  373  49.52026867866516   0.9352093104047247
roofs  535  41.54082655906677   0.9070696543338544
freed  492  47.70299553871155   0.914538822303283
armor  481  66.86485958099365   0.9164495396908112
piles  396  38.695298194885254   0.9312141740489839
aimed  392  56.972450733184814   0.9319089803717214
algae  483  71.01648020744324   0.9161021365294424
twigs  413  44.2676739692688   0.9282612471773494
lemon  341  69.66695284843445   0.940767760986625
ditch  352  49.818100452423096   0.9388570435990967
