grins  427  43.75505876541138   0.9258294250477679
viola  441  70.76695513725281   0.9233976029181865
liner  407  46.723628997802734   0.9293034566614556
comet  309  43.11638140678406   0.9463262115685253
scars  446  47.14151334762573   0.9225290950147647
chops  347  47.18745446205139   0.9397255515025187
raids  444  42.784881353378296   0.9228764981761334
eater  512  53.297370195388794   0.9110647906895952
slate  403  52.45367407798767   0.9299982629841932
skips  463  47.69616651535034   0.9195761681431301
soles  510  36.01773762702942   0.9114121938509641
misty  459  64.88256573677063   0.9202709744658676
urine  469  64.14581871032715   0.9185339586590238
knobs  450  47.41251850128174   0.9218342886920271
sleet  454  52.310129165649414   0.9211394823692896
holly  526  55.9671196937561   0.9086329685600139
pests  461  48.98124122619629   0.9199235713044989
forks  475  38.571743965148926   0.9174917491749175
grill  428  58.6905791759491   0.9256557234670836
trays  468  41.00132608413696   0.9187076602397082
pails  375  35.20919322967529   0.9348619072433559
borne  364  53.71289348602295   0.9367726246308842
tenor  394  53.78417897224426   0.9315615772103526
wares  473  34.8825318813324   0.9178391523362862
carol  386  44.23349714279175   0.9329511898558277
woody  534  56.16781568527222   0.9072433559145389
canon  503  50.20186495780945   0.9126281049157547
wakes  515  40.74934411048889   0.9105436859475421
kitty  593  54.75528526306152   0.8969949626541601
miner  376  50.303932189941406   0.9346882056626715
polls  453  37.85304641723633   0.921313183949974
shaky  586  61.22511005401611   0.8982108737189508
nasal  493  75.3477156162262   0.9143651207225986
scorn  388  60.965824127197266   0.9326037866944589
chess  558  60.23149633407593   0.9030745179781136
taxis  505  37.978039264678955   0.9122807017543859
crate  398  59.63582992553711   0.930866770887615
shyly  593  77.07272791862488   0.8969949626541601
tulip  379  51.863866329193115   0.9341671009206184
forge  415  58.2132306098938   0.9279138440159805
nymph  301  61.05519914627075   0.9477158242140004
budge  377  68.19387722015381   0.9345145040819871
lowly  542  53.933072566986084   0.9058537432690638
abide  422  78.41638946533203   0.9266979329511899
depot  325  57.791224241256714   0.9435469862775752
oases  590  39.58242988586426   0.8975160673962133
asses  692  46.87153172492981   0.8797985061664061
sheds  487  55.97596216201782   0.9154073302067048
fudge  398  72.65355277061462   0.930866770887615
pills  455  38.44043564796448   0.9209657807886051
