sails  469  34.06771540641785   0.9185339586590238
pupil  452  60.58359718322754   0.9214868855306584
tiger  406  46.70892572402954   0.9294771582421401
angel  404  59.094850301742554   0.9298245614035088
cruel  387  43.81555438041687   0.9327774882751433
agent  460  75.94639730453491   0.9200972728851833
drama  409  65.7858784198761   0.9289560535000868
urged  452  50.533920764923096   0.9214868855306584
patch  281  51.282849073410034   0.951189855827688
nests  519  52.163702964782715   0.9098488796248045
vital  409  63.70490503311157   0.9289560535000868
sword  446  63.832216024398804   0.9225290950147647
blame  317  69.5243821144104   0.9449365989230502
weeds  535  46.99503779411316   0.9070696543338544
screw  432  53.912564277648926   0.924960917144346
vocal  410  67.04797792434692   0.9287823519194025
bacon  362  50.113980531692505   0.9371200277922529
chalk  384  57.00662851333618   0.9332985930171964
cargo  398  52.87212824821472   0.930866770887615
crazy  487  55.54331946372986   0.9154073302067048
acted  386  62.624897480010986   0.9329511898558277
goats  490  40.43002891540527   0.9148862254646517
arise  476  75.4707555770874   0.9173180475942331
witch  369  59.7437539100647   0.9359041167274622
loves  501  39.58247232437134   0.9129755080771235
queer  715  61.19288396835327   0.8758033698106653
dwell  476  77.26021337509155   0.9173180475942331
backs  419  41.518829107284546   0.927219037693243
ropes  422  35.66763758659363   0.9266979329511899
shots  491  40.47155523300171   0.9147125238839674
merry  535  64.50954294204712   0.9070696543338544
phone  305  63.43539261817932   0.9470210178912628
cheek  436  54.44526982307434   0.9242661108216085
peaks  466  46.031232833862305   0.9190550634010769
ideal  405  84.69724035263062   0.9296508598228244
beard  404  54.480886459350586   0.9298245614035088
eagle  475  57.66330170631409   0.9174917491749175
creek  495  45.9911949634552   0.9140177175612298
cries  451  35.37859630584717   0.9216605871113427
ashes  583  47.26259899139404   0.8987319784610039
stall  491  68.71095967292786   0.9147125238839674
yield  496  54.70157599449158   0.9138440159805454
mayor  426  57.42796492576599   0.9260031266284523
opens  409  54.25352478027344   0.9289560535000868
input  366  62.00826334953308   0.9364252214695153
fleet  432  51.5718948841095   0.924960917144346
tooth  574  57.98710322380066   0.9002952926871635
cubic  492  67.67879629135132   0.914538822303283
wives  500  43.42983794212341   0.9131492096578079
burns  431  44.4063355922699   0.9251346187250304
