swept  413  82.59730172157288   0.9282612471773494
lucky  444  56.04035687446594   0.9228764981761334
prize  390  69.12992095947266   0.9322563835330901
stove  497  73.27460646629333   0.913670314399861
tubes  455  38.591278076171875   0.9209657807886051
acres  453  38.9247784614563   0.921313183949974
wound  421  50.968416929244995   0.9268716345318743
steep  435  56.93190264701843   0.9244398124022929
slide  368  54.45847845077515   0.9360778183081466
trunk  438  52.724162578582764   0.9239187076602398
error  681  90.36335873603821   0.8817092235539343
porch  330  49.97922205924988   0.9426784783741532
slave  460  72.42407393455505   0.9200972728851833
exist  532  110.76086497306824   0.9075907590759076
faced  367  47.12296223640442   0.936251519888831
mines  406  38.925753116607666   0.9294771582421401
marry  474  49.03104090690613   0.9176654507556019
juice  486  73.08907175064087   0.9155810317873893
raced  366  46.50925540924072   0.9364252214695153
waved  416  52.41266131401062   0.9277401424352961
goose  569  85.39492464065552   0.9011638005905854
trust  532  77.4516077041626   0.9075907590759076
fewer  476  48.29917907714844   0.9173180475942331
favor  449  63.06139421463013   0.9220079902727115
mills  468  41.82935333251953   0.9187076602397082
views  580  51.775007247924805   0.8992530832030572
joint  443  48.27230167388916   0.9230501997568178
eager  516  58.02069926261902   0.9103699843668578
spots  418  43.16911315917969   0.9273927392739274
blend  323  63.165414333343506   0.9438943894389439
rings  424  41.461214780807495   0.9263505297898211
adult  401  60.0732798576355   0.9303456661455619
index  474  58.431989669799805   0.9176654507556019
nails  441  37.932656049728394   0.9233976029181865
horns  419  37.47123432159424   0.927219037693243
balls  499  46.26657009124756   0.9133229112384923
flame  344  74.10123682022095   0.9402466562445718
rates  474  38.23583436012268   0.9176654507556019
drill  409  58.02460527420044   0.9289560535000868
trace  388  57.54663109779358   0.9326037866944589
skins  520  46.18603992462158   0.9096751780441202
waxed  450  60.12068462371826   0.9218342886920271
seats  518  43.928828716278076   0.910022581205489
stuff  577  82.10463237762451   0.8997741879451103
ratio  427  56.51396059989929   0.9258294250477679
minds  369  41.82205128669739   0.9359041167274622
dirty  420  48.80937600135803   0.9270453361125586
silly  589  54.96477007865906   0.8976897689768977
coins  440  33.30255436897278   0.9235713044988709
hello  477  75.3428361415863   0.9171443460135488
