rivet  424  53.25784230232239   0.9263505297898211
thine  391  55.45548701286316   0.9320826819524057
groom  474  68.1645815372467   0.9176654507556019
lanky  461  51.87382245063782   0.9199235713044989
boost  464  68.97702980041504   0.9194024665624457
broth  373  54.331016063690186   0.9352093104047247
heave  560  69.25240421295166   0.9027271148167448
gravy  508  59.13344669342041   0.9117595970123328
beech  447  69.85002160072327   0.9223553934340802
timed  354  49.202905893325806   0.938509640437728
quail  558  58.89230251312256   0.9030745179781136
inert  447  74.07240653038025   0.9223553934340802
gears  479  46.340319871902466   0.9167969428521799
chick  469  69.43356585502625   0.9185339586590238
hinge  393  56.58524537086487   0.931735278791037
trash  392  72.27369356155396   0.9319089803717214
clash  384  68.37550520896912   0.9332985930171964
sighs  476  42.69355654716492   0.9173180475942331
renew  507  48.06528377532959   0.9119332985930172
bough  405  59.14465355873108   0.9296508598228244
dwarf  400  63.44613289833069   0.9305193677262463
slows  464  47.724483489990234   0.9194024665624457
quill  638  68.55518245697021   0.8891783915233629
shave  508  76.10059928894043   0.9117595970123328
spore  372  63.093618631362915   0.9353830119854091
sixes  596  38.586907148361206   0.896473857912107
chunk  385  62.91394257545471   0.9331248914365121
madly  387  49.8259117603302   0.9327774882751433
paced  317  46.38960862159729   0.9449365989230502
braid  358  50.49485754966736   0.9378148341149904
fuzzy  634  84.71430659294128   0.8898731978461004
motto  526  61.68750214576721   0.9086329685600139
spies  450  38.740684509277344   0.9218342886920271
slack  430  62.25675630569458   0.9253083203057147
mucus  523  48.01255178451538   0.9091540733020671
magma  543  66.1695945262909   0.9056800416883793
awful  502  79.30156254768372   0.9128018064964392
discs  473  48.26741886138916   0.9178391523362862
erase  558  84.45758008956909   0.9030745179781136
posed  356  52.077723264694214   0.9381622372763592
asset  543  73.44209694862366   0.9056800416883793
cider  370  46.72259497642517   0.9357304151467778
taper  360  49.57644009590149   0.9374674309536217
theft  537  85.54042625427246   0.9067222511724856
churn  399  55.93196511268616   0.9306930693069307
satin  398  46.363242864608765   0.930866770887615
slots  451  42.88690376281738   0.9216605871113427
taxed  461  47.566338539123535   0.9199235713044989
bully  511  61.25486898422241   0.9112384922702796
sloth  393  49.40262508392334   0.931735278791037
