gnats  435  41.574488401412964   0.9244398124022929
bouts  496  35.878562927246094   0.9138440159805454
sisal  464  67.19249677658081   0.9194024665624457
shuts  517  44.05870246887207   0.9101962827861734
hoses  565  41.97778248786926   0.9018586069133229
dryly  475  59.061185359954834   0.9174917491749175
hover  453  50.638359785079956   0.921313183949974
gloss  492  45.9004282951355   0.914538822303283
seeps  537  48.31773614883423   0.9067222511724856
denim  362  65.55146813392639   0.9371200277922529
putty  493  60.79349708557129   0.9143651207225986
guppy  513  67.64754962921143   0.9108910891089109
leaky  554  71.83427262306213   0.9037693243008511
dusky  613  76.44725298881531   0.8935209310404725
filth  343  57.071542263031006   0.9404203578252562
oboes  554  44.74323105812073   0.9037693243008511
spans  418  47.35536766052246   0.9273927392739274
fowls  416  43.33121085166931   0.9277401424352961
adorn  391  73.23261833190918   0.9320826819524057
glaze  460  81.64907097816467   0.9200972728851833
haunt  426  47.64636421203613   0.9260031266284523
dares  443  33.944114685058594   0.9230501997568178
obeys  576  66.29360961914062   0.8999478895257946
bakes  475  43.4811270236969   0.9174917491749175
abyss  617  59.110472440719604   0.8928261247177349
smelt  386  69.79924511909485   0.9329511898558277
gangs  516  41.66627788543701   0.9103699843668578
aches  468  47.03460884094238   0.9187076602397082
trawl  395  57.947973012924194   0.9313878756296682
claps  342  43.94640564918518   0.9405940594059405
undid  518  62.741146087646484   0.910022581205489
spicy  420  56.33526301383972   0.9270453361125586
hoist  416  61.294904708862305   0.9277401424352961
fades  442  38.41550874710083   0.9232239013375022
vicar  432  69.15670609474182   0.924960917144346
acorn  395  66.64319491386414   0.9313878756296682
pussy  585  82.83607888221741   0.8983845752996352
gruff  537  69.72358798980713   0.9067222511724856
musty  477  67.68856072425842   0.9171443460135488
tarts  530  43.190595626831055   0.9079381622372764
snuff  597  83.37896275520325   0.8963001563314226
hunch  434  64.47731971740723   0.9246135139829772
truce  402  59.87702679634094   0.9301719645648775
tweed  462  57.083261251449585   0.9197498697238145
dryer  560  56.511030435562134   0.9027271148167448
loser  430  55.19671034812927   0.9253083203057147
sheaf  524  86.58481645584106   0.9089803717213827
moles  425  37.62505841255188   0.9261768282091367
lapse  378  66.7757625579834   0.9343408025013028
tawny  487  47.996464014053345   0.9154073302067048
