vowed  427  52.38531827926636   0.9258294250477679
pious  483  36.848740577697754   0.9161021365294424
swans  486  42.005131483078   0.9155810317873893
exits  569  56.43680930137634   0.9011638005905854
afoot  531  75.71683812141418   0.907764460656592
plugs  395  41.066242933273315   0.9313878756296682
idiom  437  69.47699809074402   0.9240924092409241
chili  434  63.59260869026184   0.9246135139829772
rites  449  35.92547965049744   0.9220079902727115
serfs  526  47.902724266052246   0.9086329685600139
cleft  386  69.96329617500305   0.9329511898558277
berth  382  62.36956787109375   0.9336459961785653
grubs  452  45.525917053222656   0.9214868855306584
annex  594  71.07162308692932   0.8968212610734758
dizzy  628  68.18508720397949   0.8909154073302067
hasty  516  63.95391583442688   0.9103699843668578
latch  334  53.52587080001831   0.9419836720514156
wasps  457  51.261366844177246   0.9206183776272364
mirth  315  48.0027871131897   0.945284002084419
baron  356  51.61095380783081   0.9381622372763592
plead  375  65.63154125213623   0.9348619072433559
aloof  482  76.87203454971313   0.9162758381101268
aging  485  77.17670154571533   0.9157547333680737
pixel  390  48.71660614013672   0.9322563835330901
bared  367  44.03773045539856   0.936251519888831
mummy  654  83.09526705741882   0.8863991662324127
hotly  436  46.956955432891846   0.9242661108216085
auger  501  54.99457001686096   0.9129755080771235
buddy  525  67.93022227287292   0.9088066701406983
chaps  367  40.17809247970581   0.936251519888831
badge  349  54.476051568984985   0.9393781483411499
stark  503  69.62738084793091   0.9126281049157547
fairs  465  39.33927869796753   0.9192287649817613
gully  573  64.2478404045105   0.9004689942678479
mumps  475  50.30732703208923   0.9174917491749175
emery  576  90.09872436523438   0.8999478895257946
filly  503  60.94392538070679   0.9126281049157547
ovens  552  62.20160984992981   0.9041167274622199
drone  376  55.43785738945007   0.9346882056626715
gauze  568  72.53200340270996   0.9013375021712697
idiot  448  63.22009563446045   0.9221816918533958
fussy  653  85.9017264842987   0.8865728678130971
annoy  605  70.3460853099823   0.8949105436859476
shank  479  63.027215003967285   0.9167969428521799
gouge  553  70.26898956298828   0.9039430258815355
bleed  379  53.00539469718933   0.9341671009206184
elves  551  43.782870054244995   0.9042904290429042
roped  320  48.984681844711304   0.944415494180997
unfit  454  57.89254069328308   0.9211394823692896
baggy  525  60.32770562171936   0.9088066701406983
