palls  457  43.53241467475891   0.9206183776272364
mopes  376  38.325212240219116   0.9346882056626715
boned  342  42.35764217376709   0.9405940594059405
wispy  481  77.82267999649048   0.9164495396908112
raved  437  55.659056663513184   0.9240924092409241
swaps  432  45.53278088569641   0.924960917144346
junky  539  66.07291865348816   0.9063748480111169
doily  443  45.382837533950806   0.9230501997568178
pawns  393  39.85194230079651   0.931735278791037
tamer  363  49.77025103569031   0.9369463262115685
poach  323  50.83561325073242   0.9438943894389439
baits  424  34.75265860557556   0.9263505297898211
damns  359  37.52982425689697   0.937641132534306
gumbo  365  64.89428353309631   0.9365989230501998
daunt  399  44.45711636543274   0.9306930693069307
prank  392  53.42138338088989   0.9319089803717214
hunks  488  43.107593297958374   0.9152336286260205
buxom  417  66.6197600364685   0.9275664408546118
heres  546  38.69283390045166   0.9051589369463262
honks  437  39.425721645355225   0.9240924092409241
stows  506  46.96867322921753   0.9121070001737016
unbar  440  66.33657479286194   0.9235713044988709
idles  459  37.44779849052429   0.9202709744658676
routs  515  39.453062295913696   0.9105436859475421
sages  533  37.71294093132019   0.9074170574952232
goads  473  39.298264503479004   0.9178391523362862
remit  362  64.3523268699646   0.9371200277922529
copes  399  40.21915102005005   0.9306930693069307
deign  386  57.972851514816284   0.9329511898558277
culls  522  42.615437030792236   0.9093277748827514
girds  404  39.24260473251343   0.9298245614035088
haves  518  40.35679054260254   0.910022581205489
lucks  460  46.80071568489075   0.9200972728851833
stunk  458  67.05527782440186   0.920444676046552
dodos  639  45.71145224571228   0.8890046899426784
shams  413  45.34824347496033   0.9282612471773494
snubs  497  47.25381278991699   0.913670314399861
icons  440  42.19749188423157   0.9235713044988709
usurp  535  116.85291719436646   0.9070696543338544
dooms  459  41.58522939682007   0.9202709744658676
hells  528  47.91587972640991   0.9082855653986451
soled  399  44.89556336402893   0.9306930693069307
comas  421  39.412517070770264   0.9268716345318743
paves  452  37.71242904663086   0.9214868855306584
maths  368  40.75032138824463   0.9360778183081466
perks  432  47.117149353027344   0.924960917144346
limps  324  40.17418646812439   0.9437206878582595
wombs  355  46.423786640167236   0.9383359388570436
blurb  450  73.91524195671082   0.9218342886920271
daubs  471  37.23956632614136   0.918186555497655
