canes  446  38.133305311203   0.9225290950147647
giddy  545  59.00208115577698   0.9053326385270106
lithe  384  59.90097236633301   0.9332985930171964
verge  549  65.71700811386108   0.9046378322042731
khaki  528  78.25963807106018   0.9082855653986451
queue  776  90.11439514160156   0.8652075733889178
loath  392  47.24553847312927   0.9319089803717214
foyer  468  48.781057834625244   0.9187076602397082
outdo  549  64.04719471931458   0.9046378322042731
fared  387  45.17093873023987   0.9327774882751433
deter  425  46.53463912010193   0.9261768282091367
crumb  324  57.440659046173096   0.9437206878582595
astir  480  92.84854698181152   0.9166232412714955
spire  351  64.776127576828   0.9390307451797811
jumpy  431  65.67938923835754   0.9251346187250304
extol  503  91.22626495361328   0.9126281049157547
buoys  555  38.634244203567505   0.9035956227201668
stubs  500  45.74414324760437   0.9131492096578079
lucid  395  50.76823425292969   0.9313878756296682
thong  374  53.03175950050354   0.9350356088240404
afore  502  72.12233638763428   0.9128018064964392
whiff  460  76.92917943000793   0.9200972728851833
maxim  517  68.02884864807129   0.9101962827861734
hulls  564  46.60541605949402   0.9020323084940073
clogs  399  39.47356820106506   0.9306930693069307
slats  430  40.70786786079407   0.9253083203057147
jiffy  639  73.26777076721191   0.8890046899426784
arbor  513  70.5970892906189   0.9108910891089109
cinch  409  61.07031011581421   0.9289560535000868
igloo  482  71.35969042778015   0.9162758381101268
goody  516  54.005332946777344   0.9103699843668578
gazes  565  45.90526461601257   0.9018586069133229
dowel  380  47.704954385757446   0.933993399339934
calms  352  36.97810244560242   0.9388570435990967
bitch  331  57.476372718811035   0.9425047767934688
scowl  399  72.08671879768372   0.9306930693069307
gulps  390  45.53614807128906   0.9322563835330901
coded  454  45.19976568222046   0.9211394823692896
waver  464  55.60874557495117   0.9194024665624457
mason  416  66.36833357810974   0.9277401424352961
lobes  448  39.173274755477905   0.9221816918533958
ebony  459  84.99944186210632   0.9202709744658676
flail  446  64.39236187934875   0.9225290950147647
isles  536  45.80864071846008   0.90689595275317
clods  373  36.47086262702942   0.9352093104047247
dazed  547  61.060545682907104   0.9049852353656418
adept  347  78.99699139595032   0.9397255515025187
oozed  562  58.92661213874817   0.9023797116553761
sedan  409  65.13208627700806   0.9289560535000868
clays  464  43.28433895111084   0.9194024665624457
