rills  521  40.371440172195435   0.9095014764634358
corns  408  37.5444700717926   0.9291297550807712
brats  400  37.87941265106201   0.9305193677262463
pries  412  35.495819330215454   0.9284349487580337
amble  341  77.71331644058228   0.940767760986625
fries  468  39.30314803123474   0.9187076602397082
loons  513  38.60936999320984   0.9108910891089109
tsars  518  46.192355155944824   0.910022581205489
datum  383  51.944451093673706   0.9334722945978808
musky  582  75.7051146030426   0.8989056800416884
pigmy  316  52.25544476509094   0.9451103005037346
gnome  342  73.30194902420044   0.9405940594059405
ravel  439  52.61772704124451   0.9237450060795553
ovule  514  83.40189790725708   0.9107173875282265
icily  515  62.732303619384766   0.9105436859475421
liken  435  49.537845849990845   0.9244398124022929
lemur  378  65.55830478668213   0.9343408025013028
frays  495  49.94602060317993   0.9140177175612298
silts  417  37.62356901168823   0.9275664408546118
sifts  457  44.41953706741333   0.9206183776272364
plods  351  42.50900483131409   0.9390307451797811
ramps  350  42.242411851882935   0.9392044467604655
tress  518  51.47229075431824   0.910022581205489
earls  478  45.101606369018555   0.9169706444328644
dudes  608  41.07209920883179   0.8943894389438944
waive  508  60.243725061416626   0.9117595970123328
karat  517  47.28896427154541   0.9101962827861734
jolts  502  45.4824857711792   0.9128018064964392
peons  389  39.02386975288391   0.9324300851137746
beers  531  44.6934278011322   0.907764460656592
horny  449  43.87609815597534   0.9220079902727115
pales  396  33.4910204410553   0.9312141740489839
wreak  485  89.58411073684692   0.9157547333680737
lairs  454  35.49772596359253   0.9211394823692896
lynch  353  54.973045349121094   0.9386833420184124
stank  457  62.24025106430054   0.9206183776272364
swoon  540  70.10781836509705   0.9062011464304325
idler  384  54.59955406188965   0.9332985930171964
abort  426  62.69715976715088   0.9260031266284523
blitz  369  56.47443461418152   0.9359041167274622
ensue  547  104.86438298225403   0.9049852353656418
atone  423  62.90027165412903   0.9265242313705054
bingo  375  58.20037651062012   0.9348619072433559
roves  531  40.78649973869324   0.907764460656592
kilts  428  37.10114073753357   0.9256557234670836
scald  376  57.10962677001953   0.9346882056626715
adios  479  43.25262713432312   0.9167969428521799
cynic  503  64.49614977836609   0.9126281049157547
dulls  527  42.426971197128296   0.9084592669793295
memos  538  55.068276166915894   0.9065485495918013
