coupe  362  59.81406617164612   0.9371200277922529
molar  367  54.58634972572327   0.936251519888831
flops  363  42.491466999053955   0.9369463262115685
weeps  482  55.03507995605469   0.9162758381101268
mints  389  40.70247220993042   0.9324300851137746
ashen  442  77.05124568939209   0.9232239013375022
felts  407  45.21097421646118   0.9293034566614556
askew  556  84.69137740135193   0.9034219211394824
munch  326  56.77761697769165   0.9433732846968907
mewed  398  48.140472412109375   0.930866770887615
divan  394  63.643388509750366   0.9315615772103526
vices  478  38.15478324890137   0.9169706444328644
jumbo  436  73.11836624145508   0.9242661108216085
blobs  468  42.80878257751465   0.9187076602397082
blots  377  36.74471831321716   0.9345145040819871
spunk  412  69.64983940124512   0.9284349487580337
acrid  379  65.92253851890564   0.9341671009206184
topaz  413  61.610312700271606   0.9282612471773494
cubed  363  52.05623912811279   0.9369463262115685
clans  399  38.62889790534973   0.9306930693069307
flees  514  39.32951331138611   0.9107173875282265
slurs  499  43.06950783729553   0.9133229112384923
gnaws  447  47.79283857345581   0.9223553934340802
welds  411  43.81020450592041   0.9286086503387181
fords  444  41.138503074645996   0.9228764981761334
emits  429  54.73575472831726   0.9254820218863992
agate  541  75.26861834526062   0.9060274448497482
pumas  422  43.454296827316284   0.9266979329511899
mends  374  47.84068775177002   0.9350356088240404
darks  444  40.41245174407959   0.9228764981761334
dukes  540  38.472148180007935   0.9062011464304325
plies  387  34.8952260017395   0.9327774882751433
canny  535  47.39540433883667   0.9070696543338544
hoots  534  45.27737498283386   0.9072433559145389
oozes  702  46.438432455062866   0.8780614903595623
lamed  343  45.657794713974   0.9404203578252562
fouls  485  37.05966305732727   0.9157547333680737
clefs  458  49.437264919281006   0.920444676046552
nicks  453  44.27353286743164   0.921313183949974
mated  359  46.14208936691284   0.937641132534306
skims  475  44.62409782409668   0.9174917491749175
brunt  365  59.945892095565796   0.9365989230501998
tuber  422  50.42938804626465   0.9266979329511899
tinge  393  58.198423862457275   0.931735278791037
fates  465  39.52481412887573   0.9192287649817613
ditty  554  52.520076513290405   0.9037693243008511
thins  413  40.00432252883911   0.9282612471773494
frets  460  47.792840242385864   0.9200972728851833
eider  467  57.675994634628296   0.9188813618203926
bayou  489  62.769471406936646   0.9150599270453361
