heals  482  47.543368101119995   0.9162758381101268
pleas  416  53.06691551208496   0.9277401424352961
beret  417  43.73697113990784   0.9275664408546118
spilt  322  56.603800535202026   0.9440680910196283
gayly  549  58.64468193054199   0.9046378322042731
rover  549  54.18896126747131   0.9046378322042731
endow  410  97.8526508808136   0.9287823519194025
pygmy  387  73.78485989570618   0.9327774882751433
carat  449  47.072691202163696   0.9220079902727115
abbey  557  63.3445782661438   0.903248219558798
vents  498  50.39423656463623   0.9134966128191766
waken  433  51.87949180603027   0.9247872155636616
chimp  256  53.52196526527405   0.9555323953447976
fumed  381  52.3179395198822   0.9338196977592496
sodas  537  38.737754106521606   0.9067222511724856
vinyl  439  60.82032585144043   0.9237450060795553
clout  381  49.72044897079468   0.9338196977592496
wades  456  37.06696343421936   0.9207920792079208
mites  390  34.98897194862366   0.9322563835330901
smirk  415  67.57184886932373   0.9279138440159805
bores  442  32.368043661117554   0.9232239013375022
bunny  489  57.552956342697144   0.9150599270453361
surly  517  49.00909185409546   0.9101962827861734
frock  429  63.71662449836731   0.9254820218863992
foray  486  55.003315925598145   0.9155810317873893
purer  487  50.899595737457275   0.9154073302067048
milks  410  44.19104266166687   0.9287823519194025
query  692  90.0557587146759   0.8797985061664061
mired  349  45.84179139137268   0.9393781483411499
blare  373  68.0669777393341   0.9352093104047247
froth  389  57.79903483390808   0.9324300851137746
gruel  409  49.30250954627991   0.9289560535000868
navel  468  51.8960919380188   0.9187076602397082
paler  339  43.06853175163269   0.9411151641479938
puffy  508  66.59632396697998   0.9117595970123328
casks  509  41.814759254455566   0.9115858954316485
grime  344  69.53465509414673   0.9402466562445718
derby  432  64.25272393226624   0.924960917144346
mamma  670  79.42316007614136   0.8836199409414626
gavel  412  49.04229402542114   0.9284349487580337
teddy  544  61.771438121795654   0.9055063401076949
vomit  356  53.956506967544556   0.9381622372763592
moans  418  41.78443455696106   0.9273927392739274
allot  472  66.78576564788818   0.9180128539169706
defer  484  47.06344032287598   0.9159284349487581
wield  422  59.134886741638184   0.9266979329511899
viper  376  53.06840538978577   0.9346882056626715
louse  495  65.33934187889099   0.9140177175612298
erred  592  54.98917055130005   0.8971686642348445
hewed  441  52.995168685913086   0.9233976029181865
