shale  409  62.99526786804199   0.9289560535000868
tread  424  63.288453340530396   0.9263505297898211
raked  444  50.33662247657776   0.9228764981761334
curds  417  38.401373624801636   0.9275664408546118
manor  382  49.029600620269775   0.9336459961785653
aisle  449  62.2865674495697   0.9220079902727115
bulge  361  64.09843707084656   0.9372937293729373
loins  449  33.29525566101074   0.9220079902727115
stair  430  63.89193081855774   0.9253083203057147
tapes  403  36.48594546318054   0.9299982629841932
leans  444  41.14482855796814   0.9228764981761334
bunks  462  41.34454560279846   0.9197498697238145
squat  590  75.94240474700928   0.8975160673962133
towed  396  42.55977487564087   0.9312141740489839
lance  379  55.483755111694336   0.9341671009206184
panes  401  35.541669845581055   0.9303456661455619
sakes  565  39.50137662887573   0.9018586069133229
heirs  485  43.16911220550537   0.9157547333680737
caste  429  55.41298222541809   0.9254820218863992
dummy  525  66.28188896179199   0.9088066701406983
pores  414  36.769132137298584   0.928087545596665
fauna  538  55.80306887626648   0.9065485495918013
crook  526  59.188594818115234   0.9086329685600139
poise  420  56.103365898132324   0.9270453361125586
epoch  326  87.9353129863739   0.9433732846968907
risky  528  82.76618671417236   0.9082855653986451
warns  432  41.44851994514465   0.924960917144346
fling  342  58.55777406692505   0.9405940594059405
berry  539  70.30702257156372   0.9063748480111169
grape  371  64.54227757453918   0.9355567135660935
flank  420  57.981640577316284   0.9270453361125586
drags  406  44.468833208084106   0.9294771582421401
squid  616  72.7024245262146   0.8929998262984193
pelts  367  43.10322618484497   0.936251519888831
icing  438  74.43566560745239   0.9239187076602398
irony  454  53.60840892791748   0.9211394823692896
irons  447  42.74823999404907   0.9223553934340802
barks  426  40.21519947052002   0.9260031266284523
whoop  390  73.28827953338623   0.9322563835330901
choke  408  71.28352785110474   0.9291297550807712
diets  442  49.37722873687744   0.9232239013375022
whips  379  40.945157289505005   0.9341671009206184
tally  513  53.64012169837952   0.9108910891089109
dozed  547  52.53667449951172   0.9049852353656418
twine  414  64.19315576553345   0.928087545596665
kites  484  39.98037385940552   0.9159284349487581
bikes  447  38.35301399230957   0.9223553934340802
ticks  421  45.67578911781311   0.9268716345318743
riots  442  38.02979230880737   0.9232239013375022
roars  572  43.628066301345825   0.9006426958485322
