mulch  320  53.18971824645996   0.944415494180997
fasts  508  46.88911199569702   0.9117595970123328
amass  583  49.90110397338867   0.8987319784610039
damps  329  40.62049436569214   0.9428521799548376
morns  374  40.014039516448975   0.9350356088240404
friar  493  65.6574478149414   0.9143651207225986
palsy  411  62.26312732696533   0.9286086503387181
vista  496  91.23490691184998   0.9138440159805454
croon  458  63.266459226608276   0.920444676046552
conch  406  54.93351936340332   0.9294771582421401
udder  561  64.79175066947937   0.9025534132360604
tacos  449  41.75221061706543   0.9220079902727115
skits  498  45.01762580871582   0.9134966128191766
mikes  447  37.92530584335327   0.9223553934340802
quits  604  41.32645773887634   0.8950842452666319
preen  413  51.09340810775757   0.9282612471773494
aster  490  74.65003156661987   0.9148862254646517
adder  502  63.99492621421814   0.9128018064964392
elegy  554  81.0602433681488   0.9037693243008511
pulpy  477  64.45485734939575   0.9171443460135488
scows  475  48.233752727508545   0.9174917491749175
baled  332  43.11345458030701   0.9423310752127845
hovel  396  48.390966176986694   0.9312141740489839
lavas  569  45.694340467453   0.9011638005905854
crave  467  67.76909875869751   0.9188813618203926
optic  312  62.86120891571045   0.9458051068264721
welts  418  51.184223651885986   0.9273927392739274
busts  504  50.39521288871765   0.9124544033350703
knave  527  73.09348750114441   0.9084592669793295
razed  460  55.91341209411621   0.9200972728851833
shins  469  39.46822476387024   0.9185339586590238
totes  550  36.27697443962097   0.9044641306235887
scoot  465  64.39971017837524   0.9192287649817613
dears  457  43.36148142814636   0.9206183776272364
crock  538  67.7744951248169   0.9065485495918013
mutes  433  36.3824360370636   0.9247872155636616
trims  384  38.629364252090454   0.9332985930171964
skein  482  78.5330593585968   0.9162758381101268
doted  463  49.68139123916626   0.9195761681431301
shuns  502  43.504051208496094   0.9128018064964392
veers  657  55.55215382575989   0.8858780614903595
fakes  506  39.50040054321289   0.9121070001737016
yoked  496  52.05721855163574   0.9138440159805454
wooed  463  53.644022703170776   0.9195761681431301
hacks  432  40.02966380119324   0.924960917144346
sprig  358  60.967312812805176   0.9378148341149904
wands  421  42.315650939941406   0.9268716345318743
lulls  665  52.61675000190735   0.8844884488448845
seers  624  44.453208923339844   0.8916102136529442
snobs  486  42.530479431152344   0.9155810317873893
