vexed  564  63.92852473258972   0.9020323084940073
autos  550  44.630980253219604   0.9044641306235887
wager  419  57.088658809661865   0.927219037693243
domes  417  38.492653369903564   0.9275664408546118
sheen  496  50.70625042915344   0.9138440159805454
clang  368  55.91978478431702   0.9360778183081466
spade  325  60.14849352836609   0.9435469862775752
sowed  463  47.5106315612793   0.9195761681431301
broil  342  54.747007846832275   0.9405940594059405
slyly  691  71.12044906616211   0.8799722077470905
studs  506  43.68470335006714   0.9121070001737016
grunt  403  54.49162840843201   0.9299982629841932
donor  432  49.87278366088867   0.924960917144346
slugs  484  42.52950406074524   0.9159284349487581
aspen  384  71.9138777256012   0.9332985930171964
homer  363  45.22855091094971   0.9369463262115685
croak  452  69.63909888267517   0.9214868855306584
tithe  507  57.41624641418457   0.9119332985930172
halts  398  36.80233097076416   0.930866770887615
avert  551  86.73617219924927   0.9042904290429042
havoc  395  65.87422370910645   0.9313878756296682
hogan  365  59.23741865158081   0.9365989230501998
glint  352  51.79160690307617   0.9388570435990967
ruddy  546  64.5017318725586   0.9051589369463262
jeeps  561  52.49956917762756   0.9025534132360604
flaky  479  57.286882638931274   0.9167969428521799
ladle  425  57.86641335487366   0.9261768282091367
taunt  514  46.2812180519104   0.9107173875282265
snore  398  65.99094080924988   0.930866770887615
fines  440  35.791654109954834   0.9235713044988709
props  453  48.65169382095337   0.921313183949974
prune  365  57.147709369659424   0.9365989230501998
pesos  491  49.07842469215393   0.9147125238839674
radii  454  62.01751470565796   0.9211394823692896
pokes  444  38.34227180480957   0.9228764981761334
tiled  376  44.34286546707153   0.9346882056626715
daisy  498  58.60268497467041   0.9134966128191766
heron  430  60.372111320495605   0.9253083203057147
villa  517  75.9600281715393   0.9101962827861734
farce  380  56.01301550865173   0.933993399339934
binds  387  45.523454904556274   0.9327774882751433
cites  444  36.38927245140076   0.9228764981761334
fixes  524  45.12211084365845   0.9089803717213827
jerks  585  56.0623562335968   0.8983845752996352
livid  460  63.133654832839966   0.9200972728851833
waked  411  55.70737147331238   0.9286086503387181
inked  440  54.54924392700195   0.9235713044988709
booms  445  49.959319829940796   0.9227027965954491
chews  499  56.74734568595886   0.9133229112384923
licks  424  42.55052471160889   0.9263505297898211
