mower  367  47.616093158721924   0.936251519888831
scant  375  60.290133476257324   0.9348619072433559
grabs  419  47.5502073764801   0.927219037693243
fleas  475  52.19099426269531   0.9174917491749175
lousy  561  59.5963077545166   0.9025534132360604
album  391  67.48837995529175   0.9320826819524057
sawed  471  47.57898712158203   0.918186555497655
cooky  521  60.98196053504944   0.9095014764634358
murky  462  58.10077381134033   0.9197498697238145
infer  426  65.01243925094604   0.9260031266284523
burly  407  50.47333288192749   0.9293034566614556
waged  392  52.058191537857056   0.9319089803717214
dingy  419  51.71446228027344   0.927219037693243
brine  374  59.86628556251526   0.9350356088240404
kneel  501  50.89081025123596   0.9129755080771235
creak  443  82.39999866485596   0.9230501997568178
vanes  512  37.10504722595215   0.9110647906895952
smoky  516  61.20702004432678   0.9103699843668578
spurt  377  71.19615006446838   0.9345145040819871
combs  359  42.004148960113525   0.937641132534306
easel  533  65.96210670471191   0.9074170574952232
laces  418  38.591280937194824   0.9273927392739274
humps  376  46.15720725059509   0.9346882056626715
rumor  495  60.19145393371582   0.9140177175612298
aroma  475  65.87273859977722   0.9174917491749175
horde  387  52.61335206031799   0.9327774882751433
swiss  586  52.24665641784668   0.8982108737189508
leapt  341  56.65457534790039   0.940767760986625
opium  372  63.90513515472412   0.9353830119854091
slime  335  66.9415385723114   0.9418099704707313
afire  494  66.3561053276062   0.9141914191419142
pansy  426  65.0031852722168   0.9260031266284523
mares  422  34.25952672958374   0.9266979329511899
soaps  460  40.090208768844604   0.9200972728851833
husks  600  49.64037561416626   0.8957790515893694
snips  417  42.003169536590576   0.9275664408546118
hazel  444  54.09126377105713   0.9228764981761334
lined  386  47.07855272293091   0.9329511898558277
cafes  454  41.35138010978699   0.9211394823692896
naive  518  56.96803569793701   0.910022581205489
wraps  388  42.35568594932556   0.9326037866944589
sized  508  55.24646353721619   0.9117595970123328
piers  438  44.00499677658081   0.9239187076602398
beset  457  54.83977389335632   0.9206183776272364
agile  430  72.32935404777527   0.9253083203057147
tongs  421  40.210317611694336   0.9268716345318743
steed  482  53.69578266143799   0.9162758381101268
fraud  416  57.906444787979126   0.9277401424352961
booty  477  49.32496762275696   0.9171443460135488
valor  440  57.669676065444946   0.9235713044988709
