cokes  500  38.41551160812378   0.9131492096578079
sours  575  40.143450021743774   0.900121591106479
stuns  500  47.70007038116455   0.9131492096578079
cased  410  57.46316647529602   0.9287823519194025
musts  480  44.77499294281006   0.9166232412714955
coeds  453  43.96593713760376   0.921313183949974
cowed  369  46.18310356140137   0.9359041167274622
aping  342  65.81465911865234   0.9405940594059405
zoned  444  49.40992283821106   0.9228764981761334
rummy  535  60.64943861961365   0.9070696543338544
fetes  524  44.53770065307617   0.9089803717213827
skulk  580  71.43878769874573   0.8992530832030572
quaff  705  76.68552374839783   0.8775403856175091
rajah  540  64.20389699935913   0.9062011464304325
deans  444  39.882214069366455   0.9228764981761334
reaps  415  43.281407833099365   0.9279138440159805
galas  523  45.893083333969116   0.9091540733020671
tills  482  43.94347596168518   0.9162758381101268
roved  414  48.39534044265747   0.928087545596665
kudos  563  43.09782862663269   0.9022060100746917
toned  383  44.33700442314148   0.9334722945978808
pared  330  43.501121282577515   0.9426784783741532
scull  491  72.41047263145447   0.9147125238839674
vexes  677  51.29410362243652   0.8824040298766719
punts  395  39.126402378082275   0.9313878756296682
snoop  437  63.30063533782959   0.9240924092409241
bails  407  34.006611585617065   0.9293034566614556
dames  412  38.10888862609863   0.9284349487580337
hazes  555  42.85956287384033   0.9035956227201668
lores  468  32.5897102355957   0.9187076602397082
marts  379  37.90968132019043   0.9341671009206184
voids  532  40.25086307525635   0.9075907590759076
ameba  491  106.09477353096008   0.9147125238839674
rakes  526  39.72308945655823   0.9086329685600139
adzes  535  45.26272773742676   0.9070696543338544
harms  384  37.02646279335022   0.9332985930171964
rears  577  51.11977434158325   0.8997741879451103
satyr  488  51.187663316726685   0.9152336286260205
swill  547  73.14375638961792   0.9049852353656418
hexes  616  41.89966130256653   0.8929998262984193
colic  432  53.02980875968933   0.924960917144346
leeks  562  47.430556535720825   0.9023797116553761
hurls  464  37.82082200050354   0.9194024665624457
yowls  517  43.144745111465454   0.9101962827861734
ivies  623  42.41232490539551   0.8917839152336287
plops  455  47.834829568862915   0.9209657807886051
musks  549  54.52482891082764   0.9046378322042731
papaw  515  70.73277735710144   0.9105436859475421
jells  599  56.46076416969299   0.8959527531700539
bused  446  64.16874504089355   0.9225290950147647
