abhor  421  76.39164113998413   0.9268716345318743
wrest  416  93.18791079521179   0.9277401424352961
waxen  472  61.33982300758362   0.9180128539169706
adage  488  79.26255321502686   0.9152336286260205
ardor  494  61.00781440734863   0.9141914191419142
stabs  464  46.4306218624115   0.9194024665624457
pored  336  41.34356904029846   0.9416362688900469
rondo  444  52.94192337989807   0.9228764981761334
loped  324  42.66621446609497   0.9437206878582595
fishy  535  81.07879638671875   0.9070696543338544
bible  436  68.70458698272705   0.9242661108216085
hires  476  35.69205045700073   0.9173180475942331
foals  450  38.25927114486694   0.9218342886920271
feuds  507  45.96924948692322   0.9119332985930172
jambs  414  43.49038124084473   0.928087545596665
thuds  447  40.03356885910034   0.9223553934340802
jeers  672  56.89186716079712   0.8832725377800938
knead  456  75.79546451568604   0.9207920792079208
quirk  599  63.67854189872742   0.8959527531700539
rugby  458  59.33655858039856   0.920444676046552
expel  409  63.19907784461975   0.9289560535000868
greys  530  52.67924618721008   0.9079381622372764
rigor  513  65.10618352890015   0.9108910891089109
ester  532  84.3012444972992   0.9075907590759076
lyres  525  36.96005821228027   0.9088066701406983
aback  479  68.52393460273743   0.9167969428521799
glues  469  35.66373372077942   0.9185339586590238
lotus  484  43.07541346549988   0.9159284349487581
lurid  429  49.04080677032471   0.9254820218863992
rungs  483  44.157840728759766   0.9161021365294424
hutch  470  64.69995975494385   0.9183602570783395
thyme  401  70.57802629470825   0.9303456661455619
valet  414  45.66699838638306   0.928087545596665
tommy  495  56.34209728240967   0.9140177175612298
yokes  622  39.331467151641846   0.891957616814313
epics  409  51.79746651649475   0.9289560535000868
trill  463  55.232327699661255   0.9195761681431301
pikes  440  40.43346929550171   0.9235713044988709
ozone  556  81.54947209358215   0.9034219211394824
caper  332  47.51160717010498   0.9423310752127845
chime  309  64.42068219184875   0.9463262115685253
frees  566  40.90511918067932   0.9016849053326386
famed  342  45.87401533126831   0.9405940594059405
leech  461  65.94109177589417   0.9199235713044989
smite  381  64.5974268913269   0.9338196977592496
neigh  405  65.0163459777832   0.9296508598228244
erode  472  69.23092031478882   0.9180128539169706
robed  354  52.44706892967224   0.938509640437728
hoard  406  48.00868606567383   0.9294771582421401
salve  467  56.16827845573425   0.9188813618203926
