warts  444  39.622509717941284   0.9228764981761334
ketch  406  67.79012322425842   0.9294771582421401
skunk  592  75.99662446975708   0.8971686642348445
manes  428  37.47221040725708   0.9256557234670836
adore  433  64.24444651603699   0.9247872155636616
sneer  504  57.06275415420532   0.9124544033350703
mango  382  59.409796953201294   0.9336459961785653
fiord  391  49.23610734939575   0.9320826819524057
flora  410  71.19075608253479   0.9287823519194025
roomy  520  53.049339056015015   0.9096751780441202
minks  427  44.58796668052673   0.9258294250477679
thaws  470  43.69935154914856   0.9183602570783395
watts  564  47.73815560340881   0.9020323084940073
freer  612  60.160722732543945   0.8936946326211569
exult  543  85.63709616661072   0.9056800416883793
plush  365  77.19818544387817   0.9365989230501998
paled  321  43.207194805145264   0.9442417926003127
twain  439  54.79290318489075   0.9237450060795553
clink  364  49.699944734573364   0.9367726246308842
scamp  306  65.9464852809906   0.9468473163105784
pawed  328  48.25472402572632   0.943025881535522
grope  322  71.37824440002441   0.9440680910196283
bravo  456  64.60914635658264   0.9207920792079208
gable  370  61.02980661392212   0.9357304151467778
stink  437  71.67900538444519   0.9240924092409241
sever  539  54.7670042514801   0.9063748480111169
waned  401  46.4414119720459   0.9303456661455619
rarer  610  53.648908615112305   0.8940420357825256
regal  423  68.87696313858032   0.9265242313705054
wards  426  39.33634829521179   0.9260031266284523
fawns  421  37.90238285064697   0.9268716345318743
babes  555  39.74413847923279   0.9035956227201668
unify  498  60.6260027885437   0.9134966128191766
amend  400  74.7813470363617   0.9305193677262463
oaken  463  58.07440757751465   0.9195761681431301
glade  359  68.37262272834778   0.937641132534306
visor  484  79.52811241149902   0.9159284349487581
hefty  490  64.87084746360779   0.9148862254646517
nines  550  41.8108012676239   0.9044641306235887
throb  369  59.04458260536194   0.9359041167274622
pecan  338  65.59834027290344   0.9412888657286781
butts  534  43.62318396568298   0.9072433559145389
pence  356  52.786659955978394   0.9381622372763592
sills  555  46.906176805496216   0.9035956227201668
jails  501  39.19085216522217   0.9129755080771235
flyer  401  51.691028118133545   0.9303456661455619
saber  425  42.155041456222534   0.9261768282091367
nomad  334  55.47667479515076   0.9419836720514156
miter  362  49.38160443305969   0.9371200277922529
beeps  462  49.84497857093811   0.9197498697238145
