elfin  439  87.92605924606323   0.9237450060795553
dales  432  37.93558740615845   0.924960917144346
peels  458  47.46961951255798   0.920444676046552
peals  407  45.14605355262756   0.9293034566614556
bares  438  34.310309410095215   0.9239187076602398
sinus  540  45.56400179862976   0.9062011464304325
crone  384  60.8838005065918   0.9332985930171964
sable  413  52.72123336791992   0.9282612471773494
hinds  410  42.27124309539795   0.9287823519194025
shirk  477  67.80913734436035   0.9171443460135488
enrol  413  82.83551740646362   0.9282612471773494
wilts  421  42.67207431793213   0.9268716345318743
roams  425  36.97907900810242   0.9261768282091367
duped  451  50.85514283180237   0.9216605871113427
cysts  542  45.831563234329224   0.9058537432690638
mitts  478  41.06428575515747   0.9169706444328644
safes  535  42.33420276641846   0.9070696543338544
spats  426  44.79010272026062   0.9260031266284523
coops  432  44.63288497924805   0.924960917144346
filet  363  47.77624464035034   0.9369463262115685
knell  538  94.98173761367798   0.9065485495918013
refit  432  73.7223527431488   0.924960917144346
covey  507  44.700265884399414   0.9119332985930172
punks  435  44.09678626060486   0.9244398124022929
kilns  450  37.44096279144287   0.9218342886920271
fitly  404  51.251601696014404   0.9298245614035088
abate  508  69.88029289245605   0.9117595970123328
talcs  379  38.23048543930054   0.9341671009206184
heeds  528  46.074198484420776   0.9082855653986451
duels  503  48.367021322250366   0.9126281049157547
wanly  457  52.17639493942261   0.9206183776272364
ruffs  587  51.62950897216797   0.8980371721382665
gauss  606  45.152894735336304   0.8947368421052632
lapel  406  54.400814056396484   0.9294771582421401
jaunt  491  51.61341834068298   0.9147125238839674
whelp  360  87.17313075065613   0.9374674309536217
cleat  396  69.27388644218445   0.9312141740489839
gauzy  603  57.75216364860535   0.8952579468473163
dirge  365  53.35451889038086   0.9365989230501998
edits  461  48.78254508972168   0.9199235713044989
wormy  411  51.587517976760864   0.9286086503387181
moats  455  35.50065732002258   0.9209657807886051
smear  401  73.5284972190857   0.9303456661455619
prods  354  44.97759032249451   0.938509640437728
bowel  324  47.15862417221069   0.9437206878582595
frisk  474  78.3514313697815   0.9176654507556019
vests  612  52.9809832572937   0.8936946326211569
bayed  407  47.59168219566345   0.9293034566614556
rasps  452  46.87492823600769   0.9214868855306584
tames  405  37.1284818649292   0.9296508598228244
