nooks  534  42.05492615699768   0.9072433559145389
pined  333  41.988524198532104   0.9421573736321001
perky  461  65.89082908630371   0.9199235713044989
mooed  408  51.19765496253967   0.9291297550807712
frill  421  56.3801805973053   0.9268716345318743
dines  449  38.79100012779236   0.9220079902727115
booze  500  73.17649030685425   0.9131492096578079
tripe  362  53.69187545776367   0.9371200277922529
prong  349  55.972004413604736   0.9393781483411499
drips  367  40.17906832695007   0.936251519888831
odder  508  64.74390292167664   0.9117595970123328
levee  551  60.01959586143494   0.9042904290429042
antic  372  63.91387677192688   0.9353830119854091
sidle  363  51.6841938495636   0.9369463262115685
pithy  379  52.647019386291504   0.9341671009206184
corks  461  41.153615951538086   0.9199235713044989
yelps  430  46.01658630371094   0.9253083203057147
joker  522  55.31388807296753   0.9093277748827514
fleck  396  79.79664993286133   0.9312141740489839
buffs  557  51.43615984916687   0.903248219558798
scram  361  62.93593645095825   0.9372937293729373
tiers  459  40.62095761299133   0.9202709744658676
bogey  423  46.07282567024231   0.9265242313705054
doled  449  46.23141646385193   0.9220079902727115
irate  447  59.29405450820923   0.9223553934340802
vales  491  39.375409841537476   0.9147125238839674
coped  329  50.948424100875854   0.9428521799548376
hails  429  39.805068254470825   0.9254820218863992
elude  441  72.88986730575562   0.9233976029181865
bulks  447  44.97907733917236   0.9223553934340802
aired  431  49.85911273956299   0.9251346187250304
vying  482  63.39098143577576   0.9162758381101268
stags  475  49.97778391838074   0.9174917491749175
strew  468  49.638423442840576   0.9187076602397082
cocci  567  65.77020502090454   0.9015112037519541
pacts  379  38.74263668060303   0.9341671009206184
scabs  436  46.15427231788635   0.9242661108216085
silos  471  39.57852244377136   0.918186555497655
dusts  509  40.94855046272278   0.9115858954316485
yodel  438  43.35952854156494   0.9239187076602398
terse  472  63.47593808174133   0.9180128539169706
jaded  546  60.23787021636963   0.9051589369463262
baser  419  55.764007806777954   0.927219037693243
jibes  494  43.462568283081055   0.9141914191419142
foils  428  37.81594514846802   0.9256557234670836
sways  578  52.783262729644775   0.8996004863644259
forgo  510  65.298086643219   0.9114121938509641
slays  541  42.301005363464355   0.9060274448497482
preys  477  52.690961837768555   0.9171443460135488
treks  494  51.05681610107422   0.9141914191419142
