cruet  419  45.382838010787964   0.927219037693243
bided  449  56.40557098388672   0.9220079902727115
filch  322  50.58660435676575   0.9440680910196283
zests  642  59.514745235443115   0.8884835852006253
rooks  557  41.575003147125244   0.903248219558798
laxly  636  59.990055084228516   0.8895257946847316
rends  431  43.893675088882446   0.9251346187250304
loams  410  40.452489376068115   0.9287823519194025
basks  492  45.91847372055054   0.914538822303283
sires  524  36.091949701309204   0.9089803717213827
carps  348  36.42442512512207   0.9395518499218343
pokey  435  42.352758169174194   0.9244398124022929
flits  395  37.786643981933594   0.9313878756296682
muses  526  42.17015218734741   0.9086329685600139
bawls  387  44.55086040496826   0.9327774882751433
shuck  479  66.28579640388489   0.9167969428521799
viler  422  50.09933161735535   0.9266979329511899
lisps  421  45.05375909805298   0.9268716345318743
peeps  587  51.09634041786194   0.8980371721382665
sorer  545  43.45327401161194   0.9053326385270106
lolls  635  44.159281969070435   0.889699496265416
prude  377  61.9745934009552   0.9345145040819871
diked  529  53.541494607925415   0.9081118638179607
floss  493  47.92564415931702   0.9143651207225986
flogs  418  48.58575773239136   0.9273927392739274
scums  455  49.69752621650696   0.9209657807886051
dopes  394  38.66451692581177   0.9315615772103526
bogie  414  56.03168201446533   0.928087545596665
pinky  400  56.57450604438782   0.9305193677262463
leafs  500  44.2715802192688   0.9131492096578079
tubas  484  44.82916021347046   0.9159284349487581
scads  431  48.31675672531128   0.9251346187250304
lowed  392  48.322102069854736   0.9319089803717214
yeses  707  41.79224681854248   0.8771929824561403
biked  390  52.00597023963928   0.9322563835330901
qualm  523  64.44899916648865   0.9091540733020671
evens  643  55.67272734642029   0.8883098836199409
caned  384  46.681118965148926   0.9332985930171964
gawks  455  48.81621265411377   0.9209657807886051
whits  443  44.63386106491089   0.9230501997568178
wooly  522  55.89388346672058   0.9093277748827514
gluts  439  39.84998846054077   0.9237450060795553
romps  346  42.8644437789917   0.9398992530832031
bests  501  51.34144043922424   0.9129755080771235
dunce  350  65.15208053588867   0.9392044467604655
crony  423  47.986695289611816   0.9265242313705054
joist  489  62.920313358306885   0.9150599270453361
tunas  474  43.92980480194092   0.9176654507556019
boner  376  45.32424855232239   0.9346882056626715
malls  482  43.056350231170654   0.9162758381101268
