vault  444  52.568899154663086   0.9228764981761334
looms  452  39.30119514465332   0.9214868855306584
scold  372  59.67586803436279   0.9353830119854091
blink  329  54.64610004425049   0.9428521799548376
dandy  532  56.30605340003967   0.9075907590759076
pupae  508  76.91746640205383   0.9117595970123328
sieve  589  63.0365149974823   0.8976897689768977
spike  389  73.2638635635376   0.9324300851137746
ducts  424  42.04809021949768   0.9263505297898211
lends  423  42.80487823486328   0.9265242313705054
pizza  510  88.45137000083923   0.9114121938509641
brink  369  58.648590326309204   0.9359041167274622
widen  394  46.90910601615906   0.9315615772103526
plumb  268  55.91927242279053   0.9534479763765851
pagan  430  54.77286171913147   0.9253083203057147
feats  467  48.04770565032959   0.9188813618203926
bison  389  67.8462884426117   0.9324300851137746
soggy  687  63.44027590751648   0.8806670140698281
scoop  414  78.73179316520691   0.928087545596665
argon  438  64.40896964073181   0.9239187076602398
nudge  400  68.48029828071594   0.9305193677262463
skiff  637  86.32045364379883   0.8893520931040473
amber  354  60.62111949920654   0.938509640437728
sexes  679  46.6635422706604   0.8820566267153032
rouse  493  61.32712745666504   0.9143651207225986
salts  418  39.31681990623474   0.9273927392739274
hitch  457  67.82722520828247   0.9206183776272364
exalt  484  85.9310245513916   0.9159284349487581
leash  461  73.36937212944031   0.9199235713044989
dined  483  49.47632431983948   0.9161021365294424
chute  400  64.77124619483948   0.9305193677262463
snort  384  54.4681921005249   0.9332985930171964
gusts  539  43.74134182929993   0.9063748480111169
melon  342  68.9809365272522   0.9405940594059405
cheat  421  74.7183825969696   0.9268716345318743
reefs  582  54.591745376586914   0.8989056800416884
llama  520  64.8347179889679   0.9096751780441202
lasso  501  66.05339002609253   0.9129755080771235
debut  416  63.51402306556702   0.9277401424352961
quota  592  79.07846021652222   0.8971686642348445
oaths  471  40.72590732574463   0.918186555497655
prone  336  66.58851146697998   0.9416362688900469
mixes  475  40.71275234222412   0.9174917491749175
rafts  455  42.999207735061646   0.9209657807886051
dives  499  44.082645654678345   0.9133229112384923
stale  419  66.0045657157898   0.927219037693243
inlet  401  46.59323239326477   0.9303456661455619
flick  359  61.336894273757935   0.937641132534306
pinto  336  52.1685357093811   0.9416362688900469
brows  411  42.5285279750824   0.9286086503387181
