conic  472  53.42729306221008   0.9180128539169706
gawky  487  62.576072454452515   0.9154073302067048
craze  479  70.79039144515991   0.9167969428521799
jacks  525  48.72539758682251   0.9088066701406983
gloat  385  58.65444827079773   0.9331248914365121
mushy  530  87.66431164741516   0.9079381622372764
rumps  363  48.820117473602295   0.9369463262115685
fetus  493  46.814385652542114   0.9143651207225986
wince  400  63.618974447250366   0.9305193677262463
pinks  406  40.99347114562988   0.9294771582421401
shalt  402  60.2745087146759   0.9301719645648775
toots  640  42.779486656188965   0.8888309883619941
glens  424  54.07564115524292   0.9263505297898211
cooed  443  49.15212798118591   0.9230501997568178
rusts  569  45.41654920578003   0.9011638005905854
stews  541  61.14991760253906   0.9060274448497482
shred  398  45.40395498275757   0.930866770887615
parka  448  58.21987271308899   0.9221816918533958
chugs  478  46.390586376190186   0.9169706444328644
winks  464  44.82330346107483   0.9194024665624457
clots  403  35.066112756729126   0.9299982629841932
shrew  458  48.4925274848938   0.920444676046552
booed  415  44.30185103416443   0.9279138440159805
filmy  353  48.985145807266235   0.9386833420184124
juror  630  67.3663158416748   0.890568004168838
dents  430  43.73938870429993   0.9253083203057147
gummy  522  71.54136395454407   0.9093277748827514
grays  504  49.99778199195862   0.9124544033350703
hooky  538  57.49045538902283   0.9065485495918013
butte  477  66.38539934158325   0.9171443460135488
dogie  405  59.75496435165405   0.9296508598228244
poled  315  44.08116436004639   0.945284002084419
reams  439  45.376978397369385   0.9237450060795553
fifes  554  45.34525680541992   0.9037693243008511
spank  402  63.28162407875061   0.9301719645648775
gayer  491  51.686145544052124   0.9147125238839674
tepid  370  59.50009751319885   0.9357304151467778
spook  499  71.65803384780884   0.9133229112384923
taint  440  46.24852657318115   0.9235713044988709
flirt  379  57.12380576133728   0.9341671009206184
rogue  471  56.851829528808594   0.918186555497655
spiky  490  59.58017063140869   0.9148862254646517
opals  414  45.01814150810242   0.928087545596665
miser  405  57.49487900733948   0.9296508598228244
cocky  545  61.801708698272705   0.9053326385270106
coyly  511  54.98234701156616   0.9112384922702796
balmy  340  55.83627128601074   0.9409414625673094
slosh  456  61.78412985801697   0.9207920792079208
brawl  367  59.368271827697754   0.936251519888831
aphid  340  62.56923532485962   0.9409414625673094
