hyena  516  91.84543776512146   0.9103699843668578
scoff  538  81.74250411987305   0.9065485495918013
lusty  499  71.91470217704773   0.9133229112384923
sonic  393  50.43134140968323   0.931735278791037
smith  375  61.06054425239563   0.9348619072433559
usher  517  76.63279056549072   0.9101962827861734
tucks  478  47.46864199638367   0.9169706444328644
vigil  474  69.0131607055664   0.9176654507556019
molts  396  39.781633138656616   0.9312141740489839
sects  467  47.67761254310608   0.9188813618203926
spars  412  42.65254354476929   0.9284349487580337
dumps  367  43.274574279785156   0.936251519888831
scaly  453  54.44577932357788   0.921313183949974
wisps  438  52.63432598114014   0.9239187076602398
sores  535  38.992624044418335   0.9070696543338544
mince  333  51.67540168762207   0.9421573736321001
panda  403  59.155903339385986   0.9299982629841932
flier  379  46.46433353424072   0.9341671009206184
axles  544  47.250821590423584   0.9055063401076949
plied  332  44.149181604385376   0.9423310752127845
booby  590  68.34035134315491   0.8975160673962133
patio  351  59.314563035964966   0.9390307451797811
rabbi  465  70.35538482666016   0.9192287649817613
petal  351  67.12754154205322   0.9390307451797811
polyp  446  51.646618366241455   0.9225290950147647
tints  518  43.524558305740356   0.910022581205489
grate  418  61.351073265075684   0.9273927392739274
troll  466  53.31546115875244   0.9190550634010769
tolls  516  37.92140007019043   0.9103699843668578
relic  383  70.07364082336426   0.9334722945978808
phony  337  55.67124056816101   0.9414625673093625
bleat  390  80.50949430465698   0.9322563835330901
flaws  452  42.735546588897705   0.9214868855306584
flake  427  66.355637550354   0.9258294250477679
snags  471  43.82680940628052   0.918186555497655
aptly  376  66.29263067245483   0.9346882056626715
drawl  391  58.24041295051575   0.9320826819524057
ulcer  396  53.37111735343933   0.9312141740489839
soapy  488  47.291428327560425   0.9152336286260205
bossy  584  69.13475584983826   0.8985582768803196
monks  410  45.9697151184082   0.9287823519194025
crags  410  45.374048948287964   0.9287823519194025
caged  386  50.60274267196655   0.9329511898558277
twang  416  54.731385469436646   0.9277401424352961
diner  383  48.342607498168945   0.9334722945978808
taped  341  47.65515327453613   0.940767760986625
cadet  371  45.291558265686035   0.9355567135660935
grids  406  38.988715171813965   0.9294771582421401
spawn  398  65.41768836975098   0.930866770887615
guile  441  60.61037826538086   0.9233976029181865
