domed  409  50.761908769607544   0.9289560535000868
gulfs  458  42.527552366256714   0.920444676046552
curbs  426  40.00134611129761   0.9260031266284523
heath  536  76.75094628334045   0.90689595275317
moors  473  42.50313973426819   0.9178391523362862
aorta  533  51.29066276550293   0.9074170574952232
larks  440  37.03473734855652   0.9235713044988709
tangy  468  50.57293391227722   0.9187076602397082
wryly  502  66.92149829864502   0.9128018064964392
cheep  353  50.99087595939636   0.9386833420184124
rages  469  39.21428632736206   0.9185339586590238
evade  550  80.5632472038269   0.9044641306235887
lures  504  38.885205030441284   0.9124544033350703
freak  480  78.82307958602905   0.9166232412714955
vogue  517  66.02362895011902   0.9101962827861734
tunic  408  55.211820125579834   0.9291297550807712
slams  404  42.74696588516235   0.9298245614035088
knits  467  38.418341636657715   0.9188813618203926
dumpy  368  57.058849573135376   0.9360778183081466
mania  445  53.34131097793579   0.9227027965954491
spits  405  39.510679721832275   0.9296508598228244
firth  361  53.754372119903564   0.9372937293729373
hikes  496  37.76320743560791   0.9138440159805454
trots  520  40.164422035217285   0.9096751780441202
nosed  393  51.55971026420593   0.931735278791037
clank  391  52.307199001312256   0.9320826819524057
dogma  344  62.56095790863037   0.9402466562445718
bloat  350  56.11899209022522   0.9392044467604655
balsa  490  76.28027486801147   0.9148862254646517
graft  429  64.47829627990723   0.9254820218863992
middy  493  55.91341161727905   0.9143651207225986
stile  403  56.93971490859985   0.9299982629841932
keyed  548  49.339616775512695   0.9048115337849575
finch  329  56.39631223678589   0.9428521799548376
sperm  345  84.24804997444153   0.9400729546638874
chaff  477  77.28704690933228   0.9171443460135488
wiles  447  39.02633213996887   0.9223553934340802
amigo  381  75.31014204025269   0.9338196977592496
copra  373  58.862953186035156   0.9352093104047247
amiss  502  47.058512449264526   0.9128018064964392
eying  470  88.7233510017395   0.9183602570783395
twirl  418  54.5839319229126   0.9273927392739274
lurch  356  55.38805651664734   0.9381622372763592
popes  507  39.93884205818176   0.9119332985930172
chins  415  40.15516948699951   0.9279138440159805
smock  389  72.97091603279114   0.9324300851137746
tines  464  37.81105589866638   0.9194024665624457
guise  502  79.51346683502197   0.9128018064964392
grits  421  42.66133093833923   0.9268716345318743
junks  583  49.9294216632843   0.8987319784610039
