downy  412  52.3137903213501   0.9284349487580337
witty  564  57.09400177001953   0.9020323084940073
mossy  581  71.51597833633423   0.8990793816223728
psalm  321  77.86317825317383   0.9442417926003127
scuba  461  71.41730546951294   0.9199235713044989
tours  502  37.498576164245605   0.9128018064964392
polka  345  56.09015917778015   0.9400729546638874
milky  407  51.79551291465759   0.9293034566614556
gaudy  528  50.59246277809143   0.9082855653986451
shrug  462  68.33547115325928   0.9197498697238145
tufts  539  48.007670164108276   0.9063748480111169
wilds  421  44.02354884147644   0.9268716345318743
laser  431  55.67519187927246   0.9251346187250304
truss  552  46.70989918708801   0.9041167274622199
hares  460  36.70272994041443   0.9200972728851833
creed  438  45.67090654373169   0.9239187076602398
lilac  429  64.62235021591187   0.9254820218863992
siren  392  41.47781443595886   0.9319089803717214
tarry  545  55.272361755371094   0.9053326385270106
bribe  422  71.54580688476562   0.9266979329511899
swine  446  67.12460851669312   0.9225290950147647
muted  362  49.301533699035645   0.9371200277922529
flips  360  39.72257900238037   0.9374674309536217
cures  471  37.24468636512756   0.918186555497655
sinew  439  44.13877534866333   0.9237450060795553
boxed  407  50.79264855384827   0.9293034566614556
hoops  446  49.827399253845215   0.9225290950147647
gasps  454  46.52534365653992   0.9211394823692896
hoods  503  47.236743450164795   0.9126281049157547
niche  393  63.41637420654297   0.931735278791037
yucca  608  79.19710230827332   0.8943894389438944
glows  422  45.16993808746338   0.9266979329511899
sewer  520  51.17543578147888   0.9096751780441202
whack  417  64.82397556304932   0.9275664408546118
fuses  566  46.88664889335632   0.9016849053326386
gowns  419  44.27990198135376   0.927219037693243
droop  416  58.908851146698   0.9277401424352961
bucks  468  43.914180755615234   0.9187076602397082
pangs  368  38.57858657836914   0.9360778183081466
mails  396  39.38810467720032   0.9312141740489839
whisk  501  83.0699212551117   0.9129755080771235
haven  441  51.304842472076416   0.9233976029181865
clasp  321  67.55036401748657   0.9442417926003127
sling  402  56.92897295951843   0.9301719645648775
stint  488  65.27758598327637   0.9152336286260205
urges  526  38.662102460861206   0.9086329685600139
champ  258  63.5037477016449   0.9551849921834289
piety  449  57.5065975189209   0.9220079902727115
chirp  312  52.16170120239258   0.9458051068264721
pleat  358  67.75933623313904   0.9378148341149904
