delve  429  58.22823214530945   0.9254820218863992
embed  372  62.5133330821991   0.9353830119854091
befit  412  68.50296521186829   0.9284349487580337
wafer  417  51.79114031791687   0.9275664408546118
ceded  492  53.95260190963745   0.914538822303283
novas  523  48.357256174087524   0.9091540733020671
feign  403  68.63427996635437   0.9299982629841932
spews  480  57.82051753997803   0.9166232412714955
larch  340  50.62859582901001   0.9409414625673094
huffs  581  57.291255474090576   0.8990793816223728
doles  437  33.65995407104492   0.9240924092409241
mamas  592  49.777087926864624   0.8971686642348445
hulks  510  46.12790536880493   0.9114121938509641
pried  325  39.318772077560425   0.9435469862775752
brims  367  42.10472822189331   0.936251519888831
irked  422  56.3069863319397   0.9266979329511899
aspic  361  97.99763536453247   0.9372937293729373
swipe  382  71.48714590072632   0.9336459961785653
mealy  460  63.35875964164734   0.9200972728851833
skimp  373  69.62014770507812   0.9352093104047247
bluer  380  51.644152879714966   0.933993399339934
slake  422  63.64241290092468   0.9266979329511899
dowdy  545  54.93254232406616   0.9053326385270106
penis  417  48.71465587615967   0.9275664408546118
brays  470  48.543766021728516   0.9183602570783395
pupas  559  52.088974475860596   0.9029008163974293
egret  472  50.17647576332092   0.9180128539169706
flunk  386  60.47710180282593   0.9329511898558277
phlox  340  58.038796186447144   0.9409414625673094
gripe  326  63.72932004928589   0.9433732846968907
peony  405  63.16685700416565   0.9296508598228244
douse  468  61.35935139656067   0.9187076602397082
blurs  429  47.74889779090881   0.9254820218863992
darns  394  40.71321487426758   0.9315615772103526
slunk  461  65.01243901252747   0.9199235713044989
lefts  451  51.739898681640625   0.9216605871113427
chats  432  41.46609830856323   0.924960917144346
inane  545  71.67705059051514   0.9053326385270106
vials  481  40.076536655426025   0.9164495396908112
stilt  462  63.91782832145691   0.9197498697238145
rinks  457  41.173144578933716   0.9206183776272364
woofs  513  47.451573610305786   0.9108910891089109
wowed  481  52.18415951728821   0.9164495396908112
bongs  405  40.05603003501892   0.9296508598228244
frond  377  52.69929099082947   0.9345145040819871
ingot  397  65.65744185447693   0.9310404724682995
evict  501  81.43912434577942   0.9129755080771235
singe  411  62.283634662628174   0.9286086503387181
shyer  491  61.42673301696777   0.9147125238839674
flied  373  44.648510217666626   0.9352093104047247
