parch  279  50.68671703338623   0.9515372589890568
avers  615  59.13734745979309   0.8931735278791036
crams  356  43.78626084327698   0.9381622372763592
pares  402  38.35106158256531   0.9301719645648775
dally  530  53.43993902206421   0.9079381622372764
bigot  371  59.455228328704834   0.9355567135660935
kales  487  39.992557525634766   0.9154073302067048
flays  496  45.10160541534424   0.9138440159805454
leach  393  66.8185019493103   0.931735278791037
gushy  597  84.21628832817078   0.8963001563314226
pooch  360  60.132872104644775   0.9374674309536217
huger  469  58.37126183509827   0.9185339586590238
slyer  457  50.13546276092529   0.9206183776272364
golfs  429  37.77199578285217   0.9254820218863992
mires  413  34.43822503089905   0.9282612471773494
flues  460  38.14455723762512   0.9200972728851833
loafs  477  41.66627836227417   0.9171443460135488
arced  378  48.049657583236694   0.9343408025013028
acnes  455  36.882404088974   0.9209657807886051
neons  542  48.514474630355835   0.9058537432690638
fiefs  575  56.10043668746948   0.900121591106479
dints  412  40.216176986694336   0.9284349487580337
dazes  523  39.29728817939758   0.9091540733020671
pouts  437  35.697911739349365   0.9240924092409241
cored  381  41.08330750465393   0.9338196977592496
yules  554  40.59798765182495   0.9037693243008511
lilts  492  47.4276282787323   0.914538822303283
beefs  549  49.89244985580444   0.9046378322042731
mutts  510  46.56342649459839   0.9114121938509641
fells  515  51.45178437232971   0.9105436859475421
cowls  422  43.99425506591797   0.9266979329511899
spuds  448  48.42514443397522   0.9221816918533958
lames  419  41.83228325843811   0.927219037693243
jawed  455  60.59623908996582   0.9209657807886051
dupes  446  43.458664655685425   0.9225290950147647
deads  542  46.89795279502869   0.9058537432690638
bylaw  410  69.5131287574768   0.9287823519194025
noons  615  50.56563639640808   0.8931735278791036
nifty  447  51.473777055740356   0.9223553934340802
clued  371  48.28453207015991   0.9355567135660935
vireo  480  52.60796141624451   0.9166232412714955
gapes  410  37.644076347351074   0.9287823519194025
metes  483  41.16435503959656   0.9161021365294424
cuter  424  54.07954788208008   0.9263505297898211
maims  492  42.559775590896606   0.914538822303283
droll  463  59.85163736343384   0.9195761681431301
cupid  368  51.39124321937561   0.9360778183081466
mauls  439  36.51817011833191   0.9237450060795553
sedge  438  61.88568639755249   0.9239187076602398
papas  609  46.02049255371094   0.89421573736321
