quell  658  95.15946078300476   0.8857043599096752
peeks  517  46.964767932891846   0.9101962827861734
assay  746  111.62032198905945   0.8704186208094493
lurks  507  45.622079372406006   0.9119332985930172
eject  548  104.83020401000977   0.9048115337849575
boars  450  40.206411361694336   0.9218342886920271
trite  486  67.41462993621826   0.9155810317873893
belch  335  64.64871883392334   0.9418099704707313
gnash  437  82.34140944480896   0.9240924092409241
wanes  467  38.798298835754395   0.9188813618203926
lutes  442  34.92354726791382   0.9232239013375022
whims  391  46.234856843948364   0.9320826819524057
dosed  525  61.33591818809509   0.9088066701406983
chewy  492  81.27604913711548   0.914538822303283
snipe  354  65.95964431762695   0.938509640437728
umbra  399  82.49387884140015   0.9306930693069307
teems  497  45.27737545967102   0.913670314399861
dozes  539  37.69094681739807   0.9063748480111169
kelps  403  46.244110107421875   0.9299982629841932
upped  468  58.48797821998596   0.9187076602397082
brawn  406  57.55979108810425   0.9294771582421401
doped  408  57.61889100074768   0.9291297550807712
shush  670  76.67339491844177   0.8836199409414626
rinds  411  42.07445549964905   0.9286086503387181
slush  495  66.019211769104   0.9140177175612298
moron  419  54.423322677612305   0.927219037693243
voile  457  56.772271394729614   0.9206183776272364
woken  390  47.588749408721924   0.9322563835330901
fjord  461  66.18033456802368   0.9199235713044989
sheik  524  79.36503672599792   0.9089803717213827
jests  621  62.051692485809326   0.8921313183949974
kayak  721  70.1693365573883   0.8747611603265589
slews  506  60.6279559135437   0.9121070001737016
toted  479  42.07543230056763   0.9167969428521799
saner  433  42.378146171569824   0.9247872155636616
drape  341  65.02174210548401   0.940767760986625
patty  482  47.57703351974487   0.9162758381101268
raves  523  39.60832476615906   0.9091540733020671
sulfa  502  71.45929384231567   0.9128018064964392
grist  407  73.18969702720642   0.9293034566614556
skied  469  52.480039834976196   0.9185339586590238
vixen  507  56.366509437561035   0.9119332985930172
civet  418  46.649357080459595   0.9273927392739274
vouch  461  57.63498377799988   0.9199235713044989
tiara  504  51.21840310096741   0.9124544033350703
homey  406  45.89842748641968   0.9294771582421401
moped  299  43.51730155944824   0.9480632273753691
runts  476  42.93475127220154   0.9173180475942331
serge  464  57.69162034988403   0.9194024665624457
kinky  559  62.64735698699951   0.9029008163974293
