untie  443  62.59071922302246   0.9230501997568178
batch  308  55.15955591201782   0.9464999131492097
greed  486  56.01399207115173   0.9155810317873893
chore  385  64.56083536148071   0.9331248914365121
stirs  460  43.99132442474365   0.9200972728851833
blush  428  78.30943989753723   0.9256557234670836
onset  446  64.54325795173645   0.9225290950147647
barbs  495  45.85839343070984   0.9140177175612298
volts  469  38.93305444717407   0.9185339586590238
beige  452  60.09283375740051   0.9214868855306584
swoop  503  72.95236086845398   0.9126281049157547
paddy  492  51.0777850151062   0.914538822303283
laced  361  48.842665910720825   0.9372937293729373
shove  528  80.38743376731873   0.9082855653986451
jerky  610  80.24193453788757   0.8940420357825256
poppy  580  65.56612253189087   0.8992530832030572
leaks  501  44.68561577796936   0.9129755080771235
fares  458  37.93511509895325   0.920444676046552
dodge  447  68.96685266494751   0.9223553934340802
godly  419  49.62572979927063   0.927219037693243
squaw  675  86.40221071243286   0.8827514330380406
affix  612  100.55904006958008   0.8936946326211569
brute  368  61.78608465194702   0.9360778183081466
nicer  412  48.63262939453125   0.9284349487580337
undue  469  85.06584405899048   0.9185339586590238
snarl  391  55.18982815742493   0.9320826819524057
merge  432  58.812641620635986   0.924960917144346
doses  538  39.08929419517517   0.9065485495918013
showy  585  66.82873058319092   0.8983845752996352
daddy  668  63.12584352493286   0.8839673441028313
roost  526  67.25792574882507   0.9086329685600139
vases  605  41.61503195762634   0.8949105436859476
swirl  453  59.951242208480835   0.921313183949974
petty  497  62.118139028549194   0.913670314399861
colds  388  38.39890933036804   0.9326037866944589
curry  533  53.57567310333252   0.9074170574952232
cobra  419  61.2695152759552   0.927219037693243
genie  480  55.60483980178833   0.9166232412714955
flare  405  69.82072687149048   0.9296508598228244
messy  546  96.28289866447449   0.9051589369463262
cores  470  39.041447162628174   0.9183602570783395
soaks  552  41.71510338783264   0.9041167274622199
ripen  324  45.23245716094971   0.9437206878582595
whine  405  65.51631426811218   0.9296508598228244
amino  366  66.29118943214417   0.9364252214695153
plaid  306  49.15068221092224   0.9468473163105784
spiny  407  55.3128662109375   0.9293034566614556
mowed  340  47.08487629890442   0.9409414625673094
baton  378  58.26091933250427   0.9343408025013028
peers  505  51.773101806640625   0.9122807017543859
