slops  399  44.53425884246826   0.9306930693069307
dolts  387  35.00752830505371   0.9327774882751433
drool  459  55.850914001464844   0.9202709744658676
dells  506  44.98442459106445   0.9121070001737016
whelk  457  88.84638905525208   0.9206183776272364
hippy  472  56.60380744934082   0.9180128539169706
feted  425  45.56837201118469   0.9261768282091367
ether  498  64.37529873847961   0.9134966128191766
cocos  646  55.2611129283905   0.8877887788778878
hives  505  38.39890766143799   0.9122807017543859
jibed  441  53.252450704574585   0.9233976029181865
mazes  505  45.671881437301636   0.9122807017543859
trios  427  39.50040149688721   0.9258294250477679
sirup  396  49.529056787490845   0.9312141740489839
squab  634  82.38353371620178   0.8898731978461004
laths  397  41.65846610069275   0.9310404724682995
leers  551  43.58021855354309   0.9042904290429042
pasta  476  63.90559959411621   0.9173180475942331
rifts  452  44.20322561264038   0.9214868855306584
lopes  405  34.79660248756409   0.9296508598228244
alias  537  40.26797151565552   0.9067222511724856
whirs  469  43.81997299194336   0.9185339586590238
diced  464  47.84757351875305   0.9194024665624457
slags  456  42.633012533187866   0.9207920792079208
lodes  453  39.18694519996643   0.921313183949974
foxed  444  50.59590744972229   0.9228764981761334
idled  480  58.206745624542236   0.9166232412714955
prows  388  41.08772659301758   0.9326037866944589
plait  318  53.62254619598389   0.9447628973423658
malts  364  35.38445329666138   0.9367726246308842
chafe  398  73.82047080993652   0.930866770887615
cower  401  53.139177083969116   0.9303456661455619
toyed  459  47.95884466171265   0.9202709744658676
chefs  504  60.04205584526062   0.9124544033350703
keels  578  49.154080629348755   0.8996004863644259
sties  488  38.68600058555603   0.9152336286260205
racer  476  54.26117444038391   0.9173180475942331
etude  499  79.99441576004028   0.9133229112384923
sucks  543  45.69484877586365   0.9056800416883793
sulks  526  46.13474178314209   0.9086329685600139
micas  387  41.86748385429382   0.9327774882751433
czars  504  49.70384955406189   0.9124544033350703
copse  363  72.57836198806763   0.9369463262115685
ailed  406  50.86686182022095   0.9294771582421401
abler  386  58.70229721069336   0.9329511898558277
rabid  356  48.92753195762634   0.9381622372763592
golds  417  38.86958336830139   0.9275664408546118
croup  381  55.82943344116211   0.9338196977592496
snaky  529  59.67098522186279   0.9081118638179607
visas  610  52.526912450790405   0.8940420357825256
