posse  437  72.81076979637146   0.9240924092409241
sunup  499  62.88464689254761   0.9133229112384923
menus  446  46.50093102455139   0.9225290950147647
howls  441  40.443700551986694   0.9233976029181865
quake  637  86.24889874458313   0.8893520931040473
knack  530  77.81142544746399   0.9079381622372764
plaza  475  72.53395676612854   0.9174917491749175
fiend  393  58.38981795310974   0.931735278791037
caked  398  49.39302635192871   0.930866770887615
bangs  374  39.65761733055115   0.9350356088240404
erupt  394  77.07124423980713   0.9315615772103526
poker  392  52.3980073928833   0.9319089803717214
olden  366  55.537596464157104   0.9364252214695153
cramp  254  56.769803047180176   0.9558797985061664
voter  442  55.155648708343506   0.9232239013375022
poses  485  39.85682463645935   0.9157547333680737
manly  413  47.03070330619812   0.9282612471773494
slump  321  60.90723443031311   0.9442417926003127
fined  374  45.09969472885132   0.9350356088240404
grips  383  39.26264834403992   0.9334722945978808
gaped  335  48.920746088027954   0.9418099704707313
purge  399  63.12096118927002   0.9306930693069307
hiked  431  49.486602544784546   0.9251346187250304
maize  466  60.039637327194214   0.9190550634010769
fluff  566  86.06922245025635   0.9016849053326386
strut  534  66.28677368164062   0.9072433559145389
sloop  423  61.70210337638855   0.9265242313705054
prowl  360  53.49560070037842   0.9374674309536217
roach  415  56.62821006774902   0.9279138440159805
cocks  569  48.54474592208862   0.9011638005905854
bland  326  46.52534317970276   0.9433732846968907
dials  413  41.962157011032104   0.9282612471773494
plume  289  62.33194875717163   0.949800243182213
slaps  384  38.70701718330383   0.9332985930171964
soups  512  41.23076009750366   0.9110647906895952
dully  553  62.739657163619995   0.9039430258815355
wills  519  45.30862355232239   0.9098488796248045
foams  440  42.89573574066162   0.9235713044988709
solos  568  42.00805401802063   0.9013375021712697
skier  460  49.862043380737305   0.9200972728851833
eaves  629  42.53047966957092   0.8907417057495223
totem  429  49.445077419281006   0.9254820218863992
fused  470  68.84227323532104   0.9183602570783395
latex  445  50.783859968185425   0.9227027965954491
veils  532  42.30686092376709   0.9075907590759076
mused  425  61.74311852455139   0.9261768282091367
mains  412  40.402687311172485   0.9284349487580337
myrrh  448  60.520540952682495   0.9221816918533958
racks  447  47.188385248184204   0.9223553934340802
galls  523  40.01747918128967   0.9091540733020671
