faked  415  55.1507670879364   0.9279138440159805
hydra  417  76.33645009994507   0.9275664408546118
brags  415  42.47774958610535   0.9279138440159805
chide  343  68.46143913269043   0.9404203578252562
yanks  522  39.29171919822693   0.9093277748827514
allay  626  62.19448637962341   0.8912628104915755
video  441  52.68412685394287   0.9233976029181865
altos  442  45.83007335662842   0.9232239013375022
eases  671  44.61042618751526   0.8834462393607782
meted  377  51.52697515487671   0.9345145040819871
chasm  350  73.96559548377991   0.9392044467604655
longs  446  42.896201848983765   0.9225290950147647
excel  470  71.05404615402222   0.9183602570783395
taffy  548  56.55595064163208   0.9048115337849575
impel  291  52.79498291015625   0.9494528400208442
savor  473  58.87123107910156   0.9178391523362862
koala  542  51.476237058639526   0.9058537432690638
quays  706  49.45535492897034   0.8773666840368247
dawns  425  41.05894732475281   0.9261768282091367
proxy  528  57.18481659889221   0.9082855653986451
clove  410  64.08430576324463   0.9287823519194025
duets  486  46.913519859313965   0.9155810317873893
dregs  439  49.670185565948486   0.9237450060795553
tardy  415  52.99074840545654   0.9279138440159805
briar  467  57.358633279800415   0.9188813618203926
grimy  372  53.35498404502869   0.9353830119854091
ultra  467  63.951961517333984   0.9188813618203926
meaty  459  60.179742097854614   0.9202709744658676
halve  433  59.27647876739502   0.9247872155636616
wails  421  42.2814736366272   0.9268716345318743
suede  522  66.57288813591003   0.9093277748827514
mauve  501  60.855016231536865   0.9129755080771235
envoy  549  105.87263798713684   0.9046378322042731
arson  456  73.96601271629333   0.9207920792079208
coves  518  38.00733256340027   0.910022581205489
gooey  539  43.9688663482666   0.9063748480111169
brews  440  55.03553891181946   0.9235713044988709
sofas  566  43.91125178337097   0.9016849053326386
chums  417  44.427820682525635   0.9275664408546118
amaze  556  82.58162784576416   0.9034219211394824
zooms  566  48.154144287109375   0.9016849053326386
abbot  515  77.1210401058197   0.9105436859475421
halos  431  37.455610036849976   0.9251346187250304
scour  454  67.27206325531006   0.9211394823692896
suing  480  60.79884147644043   0.9166232412714955
cribs  396  46.486791372299194   0.9312141740489839
sagas  591  45.831565141677856   0.897342365815529
enema  489  96.98695182800293   0.9150599270453361
wordy  455  57.584203481674194   0.9209657807886051
harps  369  40.744975566864014   0.9359041167274622
