shoal  414  70.86316466331482   0.928087545596665
cache  467  70.12734889984131   0.9188813618203926
tapir  325  52.09724998474121   0.9435469862775752
atoll  493  66.17694139480591   0.9143651207225986
deity  481  52.13924241065979   0.9164495396908112
toils  449  33.61405944824219   0.9220079902727115
spree  435  49.27418851852417   0.9244398124022929
mocks  430  43.45522665977478   0.9253083203057147
scans  442  42.218000411987305   0.9232239013375022
shorn  420  60.267627000808716   0.9270453361125586
revel  468  50.64240217208862   0.9187076602397082
raven  468  52.443912506103516   0.9187076602397082
hoary  490  46.45991778373718   0.9148862254646517
reels  530  47.624881982803345   0.9079381622372764
scuff  561  85.43937659263611   0.9025534132360604
mimic  491  82.0035834312439   0.9147125238839674
weedy  552  71.30263948440552   0.9041167274622199
corny  414  44.63581466674805   0.928087545596665
truer  516  51.56213021278381   0.9103699843668578
rouge  473  62.29195857048035   0.9178391523362862
ember  415  59.86875128746033   0.9279138440159805
floes  420  39.20647430419922   0.9270453361125586
torso  546  67.05723214149475   0.9051589369463262
wipes  400  39.00238656997681   0.9305193677262463
edict  401  81.53872561454773   0.9303456661455619
sulky  557  56.057936668395996   0.903248219558798
recur  507  65.17453861236572   0.9119332985930172
groin  376  51.061185121536255   0.9346882056626715
baste  409  63.054558753967285   0.9289560535000868
kinks  574  53.4287314414978   0.9002952926871635
surer  550  50.16378211975098   0.9044641306235887
piggy  479  67.10070705413818   0.9167969428521799
moldy  368  46.04588055610657   0.9360778183081466
franc  384  58.87616014480591   0.9332985930171964
liars  457  42.14866876602173   0.9206183776272364
inept  390  73.32636165618896   0.9322563835330901
gusty  534  75.5244631767273   0.9072433559145389
facet  365  52.034756660461426   0.9365989230501998
jetty  675  88.41719055175781   0.8827514330380406
equip  542  113.41852259635925   0.9058537432690638
leper  383  52.761271476745605   0.9334722945978808
slink  433  58.999152183532715   0.9247872155636616
soars  535  41.39922833442688   0.9070696543338544
cater  389  47.73327279090881   0.9324300851137746
dowry  469  53.76855111122131   0.9185339586590238
sided  520  58.052926540374756   0.9096751780441202
yearn  517  59.85554218292236   0.9101962827861734
decoy  418  66.17596435546875   0.9273927392739274
taboo  474  57.565237045288086   0.9176654507556019
ovals  520  52.382389545440674   0.9096751780441202
