noose  508  86.62921905517578   0.9117595970123328
mores  417  37.77785587310791   0.9275664408546118
girth  372  46.17380332946777   0.9353830119854091
slimy  424  58.13155794143677   0.9263505297898211
aides  485  35.60611963272095   0.9157547333680737
spasm  390  65.4733476638794   0.9322563835330901
burrs  525  44.534259557724   0.9088066701406983
alibi  450  74.3473174571991   0.9218342886920271
lymph  281  65.39034581184387   0.951189855827688
saucy  552  54.85195708274841   0.9041167274622199
muggy  523  71.93094277381897   0.9091540733020671
liter  391  49.11213803291321   0.9320826819524057
joked  483  51.56022310256958   0.9161021365294424
goofy  523  61.32127094268799   0.9091540733020671
exams  550  65.06419563293457   0.9044641306235887
enact  413  80.19557189941406   0.9282612471773494
stork  463  67.93366241455078   0.9195761681431301
lured  435  42.094494342803955   0.9244398124022929
toxic  421  58.697977781295776   0.9268716345318743
omens  425  53.93893074989319   0.9261768282091367
nears  476  42.317604064941406   0.9173180475942331
covet  418  41.96560001373291   0.9273927392739274
wrung  436  62.40178966522217   0.9242661108216085
forum  390  52.939502000808716   0.9322563835330901
venom  418  81.369793176651   0.9273927392739274
moody  471  55.89095425605774   0.918186555497655
alder  398  49.07303023338318   0.930866770887615
sassy  725  54.703530073165894   0.8740663540038215
flair  376  52.77396512031555   0.9346882056626715
guild  434  46.95597815513611   0.9246135139829772
prays  451  41.539337396621704   0.9216605871113427
wrens  454  50.43036603927612   0.9211394823692896
hauls  485  37.191489934921265   0.9157547333680737
stave  534  73.13496780395508   0.9072433559145389
tilts  490  41.23615264892578   0.9148862254646517
pecks  426  52.58745265007019   0.9260031266284523
stomp  302  64.4929883480072   0.9475421226333159
gales  448  35.24579191207886   0.9221816918533958
tempt  373  68.16751098632812   0.9352093104047247
capes  389  37.95264935493469   0.9324300851137746
mesas  527  52.52007699012756   0.9084592669793295
omits  411  42.51973843574524   0.9286086503387181
tepee  464  43.847779989242554   0.9194024665624457
harry  525  51.18812942504883   0.9088066701406983
wring  369  58.687650203704834   0.9359041167274622
evoke  612  84.12449765205383   0.8936946326211569
limes  418  37.445847511291504   0.9273927392739274
cluck  471  67.43858003616333   0.918186555497655
lunge  415  66.25454258918762   0.9279138440159805
highs  550  53.43751835823059   0.9044641306235887
