wheys  577  62.23383402824402   0.8997741879451103
eking  470  95.40748810768127   0.9183602570783395
loots  492  42.728710651397705   0.914538822303283
hilts  406  43.73259687423706   0.9294771582421401
meows  445  48.96756911277771   0.9227027965954491
beaus  519  47.277246713638306   0.9098488796248045
dices  439  41.29618263244629   0.9237450060795553
peppy  636  87.52662539482117   0.8895257946847316
riper  422  53.326664447784424   0.9266979329511899
fogey  460  48.54376745223999   0.9200972728851833
gists  484  48.62384366989136   0.9159284349487581
yogas  576  47.70983576774597   0.8999478895257946
gilts  403  41.73170328140259   0.9299982629841932
skews  606  57.42113137245178   0.8947368421052632
cedes  500  40.11852431297302   0.9131492096578079
zeals  565  45.284722089767456   0.9018586069133229
alums  449  42.935728311538696   0.9220079902727115
okays  602  51.532365798950195   0.8954316484280007
elope  383  68.70361065864563   0.9334722945978808
grump  329  56.1321485042572   0.9428521799548376
wafts  442  47.08441233634949   0.9232239013375022
soots  603  42.21949052810669   0.8952579468473163
blimp  237  53.68215870857239   0.958832725377801
hefts  453  48.856247663497925   0.921313183949974
mulls  509  46.535107135772705   0.9115858954316485
hosed  426  55.58921670913696   0.9260031266284523
cress  507  54.29641628265381   0.9119332985930172
doffs  551  44.1329185962677   0.9042904290429042
ruder  529  52.53179311752319   0.9081118638179607
pixie  514  68.69580054283142   0.9107173875282265
waifs  450  39.718159198760986   0.9218342886920271
ousts  615  50.31221008300781   0.8931735278791036
pucks  440  43.917109966278076   0.9235713044988709
biers  472  48.34456133842468   0.9180128539169706
gulch  370  55.547226667404175   0.9357304151467778
suets  566  51.45764398574829   0.9016849053326386
hobos  522  47.2704119682312   0.9093277748827514
lints  407  40.28160119056702   0.9293034566614556
brans  392  40.66541337966919   0.9319089803717214
teals  435  39.39884543418884   0.9244398124022929
garbs  405  43.334142208099365   0.9296508598228244
pewee  468  58.707178354263306   0.9187076602397082
helms  390  46.46530842781067   0.9322563835330901
turfs  489  41.63112425804138   0.9150599270453361
quips  566  45.05473303794861   0.9016849053326386
wends  420  51.59923601150513   0.9270453361125586
banes  432  41.84009647369385   0.924960917144346
napes  401  39.471619844436646   0.9303456661455619
icier  494  57.48850655555725   0.9141914191419142
swats  512  45.51271319389343   0.9110647906895952
