fazes  548  43.204777002334595   0.9048115337849575
oxbow  534  100.7016110420227   0.9072433559145389
dowse  460  70.2191379070282   0.9200972728851833
situs  519  44.324312686920166   0.9098488796248045
macaw  398  59.44452476501465   0.930866770887615
scone  371  69.66936945915222   0.9355567135660935
drily  402  48.361162185668945   0.9301719645648775
hyper  398  56.30499482154846   0.930866770887615
salsa  594  56.28252625465393   0.8968212610734758
mooch  395  64.97338080406189   0.9313878756296682
gated  391  46.5067880153656   0.9320826819524057
unjam  493  85.79822039604187   0.9143651207225986
lipid  371  56.87428951263428   0.9355567135660935
mitre  365  51.79063034057617   0.9365989230501998
venal  479  74.87904191017151   0.9167969428521799
knish  471  79.9948799610138   0.918186555497655
ritzy  508  65.48850989341736   0.9117595970123328
divas  475  43.70618271827698   0.9174917491749175
torus  504  40.19078707695007   0.9124544033350703
mange  381  53.35205316543579   0.9338196977592496
dimer  352  49.31032061576843   0.9388570435990967
recut  429  66.70229935646057   0.9254820218863992
meson  361  89.55481505393982   0.9372937293729373
wined  387  52.36969566345215   0.9327774882751433
fends  414  51.04556083679199   0.928087545596665
phage  347  68.9975380897522   0.9397255515025187
fiats  459  39.485753536224365   0.9202709744658676
caulk  427  52.47469115257263   0.9258294250477679
cavil  376  55.631205797195435   0.9346882056626715
panty  395  50.87420630455017   0.9313878756296682
roans  467  43.24044466018677   0.9188813618203926
bilks  417  39.606372594833374   0.9275664408546118
hones  434  38.304189920425415   0.9246135139829772
botch  321  54.453545808792114   0.9442417926003127
estop  404  127.60906982421875   0.9298245614035088
sully  638  56.4026403427124   0.8891783915233629
sooth  517  50.1637818813324   0.9101962827861734
gelds  414  43.79407238960266   0.928087545596665
ahold  393  60.04498505592346   0.931735278791037
raper  441  54.96816110610962   0.9233976029181865
pager  349  53.49169397354126   0.9393781483411499
fixer  450  57.19165277481079   0.9218342886920271
infix  567  90.56939721107483   0.9015112037519541
hicks  445  51.97332572937012   0.9227027965954491
tuxes  566  45.748048543930054   0.9016849053326386
plebe  338  63.61311602592468   0.9412888657286781
twits  522  48.87824320793152   0.9093277748827514
abash  561  88.14916515350342   0.9025534132360604
twixt  605  79.59697794914246   0.8949105436859476
wacko  399  58.546104192733765   0.9306930693069307
