vibes  459  42.66523885726929   0.9202709744658676
gassy  634  71.98757886886597   0.8898731978461004
unlit  425  55.94029116630554   0.9261768282091367
nervy  580  69.0996527671814   0.8992530832030572
femme  494  67.39802956581116   0.9141914191419142
biter  363  49.81224226951599   0.9369463262115685
fiche  362  65.41183018684387   0.9371200277922529
boors  485  41.43395805358887   0.9157547333680737
gaffe  519  73.74918675422668   0.9098488796248045
saxes  615  37.52005910873413   0.8931735278791036
recap  348  74.55284643173218   0.9395518499218343
synch  457  69.09909224510193   0.9206183776272364
facie  396  55.62632441520691   0.9312141740489839
dicey  440  42.19944620132446   0.9235713044988709
ouija  575  88.97282099723816   0.900121591106479
hewer  490  54.07564067840576   0.9148862254646517
legit  416  62.23187780380249   0.9277401424352961
gurus  576  53.6679744720459   0.8999478895257946
edify  531  98.08551955223083   0.907764460656592
tweak  520  99.05081081390381   0.9096751780441202
caron  378  49.85911321640015   0.9343408025013028
typos  429  44.175883293151855   0.9254820218863992
rerun  569  66.78185820579529   0.9011638005905854
polly  445  54.46773076057434   0.9227027965954491
surds  502  41.496368408203125   0.9128018064964392
hamza  496  65.91472578048706   0.9138440159805454
nulls  549  43.76784133911133   0.9046378322042731
hater  413  44.775320291519165   0.9282612471773494
lefty  474  69.59906029701233   0.9176654507556019
mogul  381  51.60463094711304   0.9338196977592496
mafia  438  60.44827890396118   0.9239187076602398
debug  467  68.93555092811584   0.9188813618203926
pates  406  37.21836876869202   0.9294771582421401
blabs  497  50.11741852760315   0.913670314399861
splay  397  68.10892271995544   0.9310404724682995
talus  457  37.34526538848877   0.9206183776272364
porno  413  49.88645553588867   0.9282612471773494
moola  435  69.54052019119263   0.9244398124022929
nixed  448  55.32263112068176   0.9221816918533958
kilos  478  40.746415853500366   0.9169706444328644
snide  383  66.016282081604   0.9334722945978808
horsy  518  62.48232984542847   0.910022581205489
gesso  559  87.69262957572937   0.9029008163974293
jaggy  669  69.1938123703003   0.883793642522147
trove  459  61.49801802635193   0.9202709744658676
nixes  524  39.371503829956055   0.9089803717213827
creel  433  46.34868383407593   0.9247872155636616
pater  357  47.4207923412323   0.9379885356956749
iotas  493  41.11651086807251   0.9143651207225986
cadge  349  52.27841544151306   0.9393781483411499
