amply  337  61.86713433265686   0.9414625673093625
deeps  446  47.119054317474365   0.9225290950147647
padre  348  53.27249026298523   0.9395518499218343
leant  399  61.28564953804016   0.9306930693069307
pacer  326  48.851367235183716   0.9433732846968907
octal  371  75.7558925151825   0.9355567135660935
dolly  508  46.61569261550903   0.9117595970123328
trans  413  36.40736150741577   0.9282612471773494
sumac  425  72.71219182014465   0.9261768282091367
foamy  442  53.11378884315491   0.9232239013375022
lolly  641  57.56662583351135   0.8886572867813097
giver  423  58.039254665374756   0.9265242313705054
quipu  611  72.459317445755   0.8938683342018412
codex  434  49.33082628250122   0.9246135139829772
manna  550  63.710766315460205   0.9044641306235887
unwed  430  52.917510986328125   0.9253083203057147
vodka  464  70.87339472770691   0.9194024665624457
ferny  463  69.2904863357544   0.9195761681431301
salon  387  49.94211554527283   0.9327774882751433
duple  326  55.25525212287903   0.9433732846968907
boron  431  52.77982425689697   0.9251346187250304
revue  587  71.73322343826294   0.8980371721382665
crier  478  49.40945839881897   0.9169706444328644
alack  471  66.84533190727234   0.918186555497655
inter  409  53.03129458427429   0.9289560535000868
dilly  520  53.64207673072815   0.9096751780441202
whist  420  83.89111375808716   0.9270453361125586
cults  423  40.38120365142822   0.9265242313705054
spake  404  73.81070876121521   0.9298245614035088
reset  500  55.875839710235596   0.9131492096578079
loess  567  48.80546951293945   0.9015112037519541
decor  393  56.93971490859985   0.931735278791037
mover  412  47.70397925376892   0.9284349487580337
verve  672  65.57881164550781   0.8832725377800938
ethic  435  99.65721654891968   0.9244398124022929
gamut  399  49.713616371154785   0.9306930693069307
lingo  372  57.83860516548157   0.9353830119854091
dunno  510  63.047303199768066   0.9114121938509641
align  381  57.28441905975342   0.9338196977592496
sissy  675  57.03736615180969   0.8827514330380406
incur  417  59.73347997665405   0.9275664408546118
reedy  556  64.57697105407715   0.9034219211394824
avant  573  62.003843784332275   0.9004689942678479
piper  437  53.219250440597534   0.9240924092409241
waxer  500  61.14257192611694   0.9131492096578079
calyx  469  53.63328504562378   0.9185339586590238
basil  383  65.82781720161438   0.9334722945978808
coons  502  43.58314871788025   0.9128018064964392
seine  480  59.08410859107971   0.9166232412714955
piney  402  47.96470522880554   0.9301719645648775
