raspy  469  73.14914798736572   0.9185339586590238
unfed  420  53.52293658256531   0.9270453361125586
crick  478  66.02702331542969   0.9169706444328644
nappy  501  63.89434742927551   0.9129755080771235
vizor  543  70.12739515304565   0.9056800416883793
yipes  465  38.1030797958374   0.9192287649817613
rebus  505  48.36116170883179   0.9122807017543859
divot  383  60.31156873703003   0.9334722945978808
kiwis  564  47.07608938217163   0.9020323084940073
vetch  421  69.31889390945435   0.9268716345318743
squib  635  78.60043811798096   0.889699496265416
sitar  415  54.830475091934204   0.9279138440159805
kiddo  526  65.91668009757996   0.9086329685600139
dyers  534  50.87369728088379   0.9072433559145389
cotta  488  59.36631679534912   0.9152336286260205
matzo  428  65.98503565788269   0.9256557234670836
lager  410  54.05903887748718   0.9287823519194025
zebus  636  55.812833070755005   0.8895257946847316
crass  487  44.098740339279175   0.9154073302067048
dacha  431  59.169108867645264   0.9251346187250304
kneed  471  55.854825019836426   0.918186555497655
dicta  365  56.543254137039185   0.9365989230501998
fakir  446  49.576438903808594   0.9225290950147647
knurl  456  58.76088762283325   0.9207920792079208
runny  594  57.53635811805725   0.8968212610734758
unpin  460  68.74169182777405   0.9200972728851833
julep  374  54.771424531936646   0.9350356088240404
globs  401  44.630932569503784   0.9303456661455619
nudes  473  43.37124848365784   0.9178391523362862
sushi  624  64.0388708114624   0.8916102136529442
tacky  449  53.37256073951721   0.9220079902727115
stoke  487  75.23444294929504   0.9154073302067048
kaput  407  54.37054252624512   0.9293034566614556
butch  353  60.67729139328003   0.9386833420184124
hulas  480  41.30009198188782   0.9166232412714955
croft  390  54.91547417640686   0.9322563835330901
achoo  463  77.46969938278198   0.9195761681431301
genii  507  78.4354088306427   0.9119332985930172
nodal  354  60.44730234146118   0.938509640437728
outgo  578  70.83438348770142   0.8996004863644259
spiel  344  50.719409465789795   0.9402466562445718
viols  487  39.840224266052246   0.9154073302067048
fetid  421  57.184815645217896   0.9268716345318743
cagey  445  45.056687116622925   0.9227027965954491
fudgy  457  61.096675872802734   0.9206183776272364
epoxy  539  102.84986233711243   0.9063748480111169
leggy  543  74.23450684547424   0.9056800416883793
hanky  465  47.532113552093506   0.9192287649817613
lapis  374  37.42054605484009   0.9350356088240404
felon  380  65.68622517585754   0.933993399339934
