bloke  346  70.24406099319458   0.9398992530832031
runes  509  40.30503606796265   0.9115858954316485
bawdy  424  51.80090618133545   0.9263505297898211
cadre  377  49.53393864631653   0.9345145040819871
toxin  462  51.30726337432861   0.9197498697238145
annul  536  69.71480107307434   0.90689595275317
egged  572  75.40002989768982   0.9006426958485322
anion  489  80.69991278648376   0.9150599270453361
nodes  437  36.35802388191223   0.9240924092409241
picky  401  61.083003759384155   0.9303456661455619
stein  455  76.9726984500885   0.9209657807886051
jello  545  89.61047530174255   0.9053326385270106
audit  430  67.62946081161499   0.9253083203057147
echos  465  66.56214547157288   0.9192287649817613
fagot  407  53.19874382019043   0.9293034566614556
letup  382  64.67554664611816   0.9336459961785653
eyrie  571  68.64795088768005   0.9008163974292166
fount  400  52.050379037857056   0.9305193677262463
caped  321  53.650397300720215   0.9442417926003127
axons  547  45.615755796432495   0.9049852353656418
amuck  410  72.76389789581299   0.9287823519194025
banal  428  49.78978180885315   0.9256557234670836
riled  364  43.01631021499634   0.9367726246308842
petit  456  70.23964595794678   0.9207920792079208
umber  406  54.84121632575989   0.9294771582421401
miler  355  46.24606275558472   0.9383359388570436
fibre  384  58.62957406044006   0.9332985930171964
agave  590  83.13432717323303   0.8975160673962133
bated  370  50.16475796699524   0.9357304151467778
bilge  342  55.18689775466919   0.9405940594059405
vitro  440  65.53779721260071   0.9235713044988709
feint  398  61.35447120666504   0.930866770887615
pudgy  409  52.415125370025635   0.9289560535000868
mater  358  49.474374532699585   0.9378148341149904
manic  327  50.133042097091675   0.9431995831162063
umped  328  51.50651502609253   0.943025881535522
pesky  487  89.30729460716248   0.9154073302067048
strep  366  46.619086265563965   0.9364252214695153
slurp  377  60.99121356010437   0.9345145040819871
pylon  341  53.39799952507019   0.940767760986625
puree  492  40.03454661369324   0.914538822303283
caret  397  43.13102841377258   0.9310404724682995
temps  360  47.00578045845032   0.9374674309536217
newel  455  51.00942945480347   0.9209657807886051
yawns  524  43.071462869644165   0.9089803717213827
seedy  570  67.12656354904175   0.900990099009901
treed  445  51.470338582992554   0.9227027965954491
coups  424  42.172104358673096   0.9263505297898211
rangy  455  52.137287855148315   0.9209657807886051
brads  386  45.73828411102295   0.9329511898558277
