hilar  370  56.64676380157471   0.9357304151467778
outta  591  75.2178418636322   0.897342365815529
vroom  539  71.85388660430908   0.9063748480111169
fetal  406  75.1699948310852   0.9294771582421401
raths  413  41.45925998687744   0.9282612471773494
renal  411  65.55244493484497   0.9286086503387181
dyads  611  45.10355806350708   0.8938683342018412
crocs  516  48.671690702438354   0.9103699843668578
vires  534  37.92921185493469   0.9072433559145389
culpa  351  64.92357873916626   0.9390307451797811
kivas  552  49.671632289886475   0.9041167274622199
feist  419  72.80490326881409   0.927219037693243
teats  570  45.46588349342346   0.900990099009901
thats  553  44.97075319290161   0.9039430258815355
yawls  520  46.18356704711914   0.9096751780441202
whens  453  50.0934739112854   0.921313183949974
abaca  541  66.58804392814636   0.9060274448497482
ohhhh  724  114.76511549949646   0.8742400555845058
aphis  415  47.195220708847046   0.9279138440159805
fusty  518  79.95731091499329   0.910022581205489
eclat  384  79.62966918945312   0.9332985930171964
perdu  397  64.21756935119629   0.9310404724682995
mayst  433  64.80346918106079   0.9247872155636616
exeat  640  108.84217715263367   0.8888309883619941
molly  466  55.81576466560364   0.9190550634010769
supra  436  63.82161998748779   0.9242661108216085
wetly  444  58.67598104476929   0.9228764981761334
plasm  317  79.8694200515747   0.9449365989230502
buffa  527  90.15145683288574   0.9084592669793295
semen  434  50.32639479637146   0.9246135139829772
pukka  523  75.8140196800232   0.9091540733020671
tagua  540  59.9317102432251   0.9062011464304325
paras  472  39.22698259353638   0.9180128539169706
stoat  532  68.86082577705383   0.9075907590759076
secco  516  83.12749290466309   0.9103699843668578
carte  388  44.660226821899414   0.9326037866944589
haute  491  55.071670055389404   0.9147125238839674
molal  439  62.81336307525635   0.9237450060795553
shads  452  47.00726509094238   0.9214868855306584
forma  389  63.21721363067627   0.9324300851137746
ovoid  557  70.32752919197083   0.903248219558798
pions  398  34.77367663383484   0.930866770887615
modus  478  44.863338470458984   0.9169706444328644
bueno  432  71.4646863937378   0.924960917144346
rheum  438  76.30422186851501   0.9239187076602398
scurf  470  71.56531596183777   0.9183602570783395
parer  436  46.46237921714783   0.9242661108216085
ephah  474  126.3796055316925   0.9176654507556019
doest  413  67.05820870399475   0.9282612471773494
sprue  377  64.05597877502441   0.9345145040819871
