frosh  411  73.64279627799988   0.9286086503387181
kabob  519  72.12917137145996   0.9098488796248045
pinko  372  54.933008432388306   0.9353830119854091
redid  465  66.80050015449524   0.9192287649817613
mimeo  459  61.65132665634155   0.9202709744658676
heist  432  68.36085891723633   0.924960917144346
tarps  358  38.76705002784729   0.9378148341149904
lamas  468  42.538294315338135   0.9187076602397082
sutra  484  65.88445353507996   0.9159284349487581
dinar  365  53.886199951171875   0.9365989230501998
whams  392  45.994126319885254   0.9319089803717214
busty  478  75.73147916793823   0.9169706444328644
spays  484  43.40542387962341   0.9159284349487581
mambo  430  65.3258969783783   0.9253083203057147
nabob  483  66.89810752868652   0.9161021365294424
preps  498  51.20668435096741   0.9134966128191766
odour  540  65.99237990379333   0.9062011464304325
cabby  491  62.03313946723938   0.9147125238839674
conks  443  44.5450005531311   0.9230501997568178
sluff  571  82.74079775810242   0.9008163974292166
dados  550  44.0225715637207   0.9044641306235887
houri  491  52.29501914978027   0.9147125238839674
swart  479  62.557518005371094   0.9167969428521799
balms  353  43.75110483169556   0.9386833420184124
gutsy  502  78.16394329071045   0.9128018064964392
faxed  447  51.484009742736816   0.9223553934340802
egads  467  51.72910976409912   0.9188813618203926
pushy  523  82.3692638874054   0.9091540733020671
retry  569  71.49105095863342   0.9011638005905854
agora  529  79.40465545654297   0.9081118638179607
drubs  451  45.02153182029724   0.9216605871113427
daffy  561  63.071157693862915   0.9025534132360604
chits  413  43.29410409927368   0.9282612471773494
mufti  421  59.67262554168701   0.9268716345318743
karma  456  58.91358423233032   0.9207920792079208
lotto  556  58.9483757019043   0.9034219211394824
toffs  558  51.9869065284729   0.9030745179781136
burps  352  43.241371870040894   0.9388570435990967
deuce  442  57.12720322608948   0.9232239013375022
zings  504  49.366958141326904   0.9124544033350703
kappa  545  67.69879221916199   0.9053326385270106
clads  376  38.60202145576477   0.9346882056626715
doggy  526  62.00091481208801   0.9086329685600139
duper  377  46.782249212265015   0.9345145040819871
scams  399  51.57580041885376   0.9306930693069307
ogler  406  51.57775378227234   0.9294771582421401
mimes  506  39.876354455947876   0.9121070001737016
throe  411  59.370734453201294   0.9286086503387181
zetas  559  58.482118368148804   0.9029008163974293
waled  367  44.19494819641113   0.936251519888831
