bagel  362  46.00682020187378   0.9371200277922529
hexed  514  59.48349714279175   0.9107173875282265
ogres  489  45.24710392951965   0.9150599270453361
goner  407  43.926876068115234   0.9293034566614556
gilds  421  45.202186822891235   0.9268716345318743
pyres  462  37.628456354141235   0.9197498697238145
lards  382  40.28452944755554   0.9336459961785653
bides  408  41.59597039222717   0.9291297550807712
paged  340  46.14209461212158   0.9409414625673094
talon  373  49.64530611038208   0.9352093104047247
flout  398  55.77670335769653   0.930866770887615
medic  323  68.01127290725708   0.9438943894389439
veals  538  49.56374764442444   0.9065485495918013
putts  470  46.06006836891174   0.9183602570783395
dirks  453  45.33791446685791   0.921313183949974
dotes  418  37.85206890106201   0.9273927392739274
tippy  483  54.37249732017517   0.9161021365294424
blurt  368  60.48245668411255   0.9360778183081466
piths  355  41.538357734680176   0.9383359388570436
acing  375  64.75464391708374   0.9348619072433559
barer  474  45.93065357208252   0.9176654507556019
whets  461  53.02785539627075   0.9199235713044989
gaits  439  39.06781268119812   0.9237450060795553
wools  510  45.71094012260437   0.9114121938509641
dunks  489  45.25207567214966   0.9150599270453361
heros  487  48.56622838973999   0.9154073302067048
swabs  459  53.57957911491394   0.9202709744658676
dirts  412  35.342976570129395   0.9284349487580337
jutes  557  41.45535373687744   0.903248219558798
hemps  357  49.556397914886475   0.9379885356956749
surfs  527  43.775564193725586   0.9084592669793295
okapi  409  71.87872195243835   0.9289560535000868
chows  426  47.352487087249756   0.9260031266284523
shoos  586  52.988330125808716   0.8982108737189508
dusks  588  44.95317816734314   0.8978634705575821
parry  469  47.417861223220825   0.9185339586590238
decal  378  71.21516823768616   0.9343408025013028
furls  462  41.227829694747925   0.9197498697238145
cilia  437  67.03528141975403   0.9240924092409241
sears  520  49.24587035179138   0.9096751780441202
novae  469  68.34620976448059   0.9185339586590238
murks  454  43.07341527938843   0.9211394823692896
warps  387  40.79914951324463   0.9327774882751433
slues  530  40.357765436172485   0.9079381622372764
lamer  370  52.54062604904175   0.9357304151467778
saris  505  39.39889669418335   0.9122807017543859
weans  468  48.12680268287659   0.9187076602397082
purrs  475  41.86743664741516   0.9174917491749175
dills  504  38.621458768844604   0.9124544033350703
togas  508  46.99699282646179   0.9117595970123328
