skyed  510  57.159427881240845   0.9114121938509641
hokum  419  55.87049198150635   0.927219037693243
furze  529  73.82684135437012   0.9081118638179607
ankhs  503  52.39364528656006   0.9126281049157547
curie  437  59.631463289260864   0.9240924092409241
nutsy  529  71.55303859710693   0.9081118638179607
hilum  366  51.97225856781006   0.9364252214695153
remix  465  85.5697181224823   0.9192287649817613
angst  439  93.9202790260315   0.9237450060795553
burls  439  39.244558572769165   0.9237450060795553
jimmy  572  78.34166526794434   0.9006426958485322
veiny  549  64.66675996780396   0.9046378322042731
tryst  536  88.1091775894165   0.90689595275317
codon  403  54.32027840614319   0.9299982629841932
befog  420  75.23053669929504   0.9270453361125586
gamed  358  45.81886649131775   0.9378148341149904
flume  332  69.21627283096313   0.9423310752127845
axman  539  85.59705948829651   0.9063748480111169
doozy  606  59.03137826919556   0.8947368421052632
lubes  466  35.56412935256958   0.9190550634010769
rheas  523  54.034626483917236   0.9091540733020671
bozos  598  50.338576316833496   0.8961264547507383
butyl  400  61.107927083969116   0.9305193677262463
kelly  598  74.57530522346497   0.8961264547507383
mynah  410  65.64865684509277   0.9287823519194025
jocks  543  47.822131872177124   0.9056800416883793
donut  379  44.55188202857971   0.9341671009206184
avian  552  76.42628407478333   0.9041167274622199
wurst  459  68.16216468811035   0.9202709744658676
chock  473  67.1915283203125   0.9178391523362862
quash  639  88.84391522407532   0.8890046899426784
quals  600  47.5028178691864   0.8957790515893694
hayed  440  48.88508367538452   0.9235713044988709
bombe  395  67.59528303146362   0.9313878756296682
cushy  542  82.70862221717834   0.9058537432690638
spacy  424  60.670920848846436   0.9263505297898211
puked  414  49.17849278450012   0.928087545596665
leery  548  65.19211626052856   0.9048115337849575
thews  494  50.86686587333679   0.9141914191419142
prink  335  53.944785356521606   0.9418099704707313
amens  463  48.465648889541626   0.9195761681431301
tesla  430  70.94663047790527   0.9253083203057147
intro  386  63.705883741378784   0.9329511898558277
fiver  416  58.81947636604309   0.9277401424352961
frump  330  59.877026081085205   0.9426784783741532
capos  395  38.70064735412598   0.9313878756296682
opine  352  71.03353977203369   0.9388570435990967
coder  372  42.93670463562012   0.9353830119854091
namer  373  49.277119636535645   0.9352093104047247
jowly  517  67.8374559879303   0.9101962827861734
