primp  331  60.05381798744202   0.9425047767934688
nabla  453  64.33279752731323   0.921313183949974
girts  414  42.26292037963867   0.928087545596665
miffs  473  48.43830490112305   0.9178391523362862
emote  455  70.13223028182983   0.9209657807886051
xerox  652  93.8763358592987   0.8867465693937815
rebid  376  61.28611493110657   0.9346882056626715
shahs  589  52.20759701728821   0.8976897689768977
rutty  579  58.8780677318573   0.8994267847837415
grout  459  51.50405144691467   0.9202709744658676
grift  380  65.886967420578   0.933993399339934
deify  501  62.49209403991699   0.9129755080771235
biddy  498  53.762691497802734   0.9134966128191766
kopek  452  56.39385199546814   0.9214868855306584
semis  491  48.70391511917114   0.9147125238839674
bries  446  36.82869577407837   0.9225290950147647
acmes  423  38.14404344558716   0.9265242313705054
piton  332  50.625667572021484   0.9423310752127845
hussy  658  84.8109769821167   0.8857043599096752
torts  545  44.45906901359558   0.9053326385270106
disco  402  77.3832528591156   0.9301719645648775
whore  419  74.09779644012451   0.927219037693243
boozy  557  64.8938193321228   0.903248219558798
gibed  384  49.28981256484985   0.9332985930171964
vamps  380  44.177881956100464   0.933993399339934
amour  450  73.07395911216736   0.9218342886920271
soppy  577  58.38056135177612   0.8997741879451103
gonzo  512  64.87624001502991   0.9110647906895952
durst  432  71.44855165481567   0.924960917144346
wader  395  47.70300221443176   0.9313878756296682
tutus  673  51.904882192611694   0.8830988361994094
perms  350  43.32586669921875   0.9392044467604655
catty  516  48.60724139213562   0.9103699843668578
glitz  413  57.29130172729492   0.9282612471773494
brigs  430  40.54232716560364   0.9253083203057147
nerds  438  48.15707540512085   0.9239187076602398
barmy  341  48.637511014938354   0.940767760986625
gizmo  422  69.22799062728882   0.9266979329511899
owlet  396  53.70067000389099   0.9312141740489839
sayer  487  45.0703558921814   0.9154073302067048
molls  477  47.326072216033936   0.9171443460135488
shard  401  60.12310600280762   0.9303456661455619
whops  363  46.47651648521423   0.9369463262115685
comps  314  45.65625762939453   0.9454577036651034
corer  497  44.88775181770325   0.913670314399861
colas  435  40.28355431556702   0.9244398124022929
matte  470  59.80769491195679   0.9183602570783395
droid  478  59.462016105651855   0.9169706444328644
ploys  424  42.666213035583496   0.9263505297898211
vapid  358  59.58603000640869   0.9378148341149904
