promo  405  64.13898301124573   0.9296508598228244
blats  388  41.64679765701294   0.9326037866944589
muffs  544  55.10147452354431   0.9055063401076949
oinks  489  44.93364691734314   0.9150599270453361
viand  431  56.515913248062134   0.9251346187250304
coset  401  46.25778079032898   0.9303456661455619
finks  453  43.75110578536987   0.921313183949974
faddy  549  58.1950261592865   0.9046378322042731
minis  487  42.317604303359985   0.9154073302067048
snafu  512  67.1656231880188   0.9110647906895952
sauna  576  48.95389676094055   0.8999478895257946
usury  711  108.42860269546509   0.8764981761334029
muxes  520  48.06676650047302   0.9096751780441202
craws  436  48.501830101013184   0.9242661108216085
stats  618  54.44476628303528   0.8926524231370505
condo  399  60.35211443901062   0.9306930693069307
coxes  546  38.60592818260193   0.9051589369463262
loopy  428  53.69968843460083   0.9256557234670836
dorms  367  36.95075964927673   0.936251519888831
ascot  461  100.38322257995605   0.9199235713044989
dippy  485  60.40336084365845   0.9157547333680737
execs  653  66.47426295280457   0.8865728678130971
dopey  398  41.66822934150696   0.930866770887615
envoi  473  103.35620284080505   0.9178391523362862
umpty  371  61.78659462928772   0.9355567135660935
gismo  398  77.43356466293335   0.930866770887615
fazed  439  51.917574644088745   0.9237450060795553
strop  354  64.04817056655884   0.938509640437728
jives  576  44.91169881820679   0.8999478895257946
slims  393  40.85531735420227   0.931735278791037
batik  384  50.68621277809143   0.9332985930171964
pings  369  41.79712629318237   0.9359041167274622
sonly  482  51.960540771484375   0.9162758381101268
leggo  492  85.07807803153992   0.914538822303283
pekoe  450  64.23319268226624   0.9218342886920271
prawn  382  57.984617948532104   0.9336459961785653
luaus  588  43.32925772666931   0.8978634705575821
campy  308  46.72259473800659   0.9464999131492097
oodle  440  60.967777252197266   0.9235713044988709
prexy  529  81.63344764709473   0.9081118638179607
proms  325  42.80487680435181   0.9435469862775752
touts  620  38.45846962928772   0.8923050199756818
ogles  446  42.59004759788513   0.9225290950147647
tweet  582  52.755412101745605   0.8989056800416884
toady  459  47.59851598739624   0.9202709744658676
naiad  451  48.351399183273315   0.9216605871113427
hider  390  47.74010729789734   0.9322563835330901
nuked  430  47.563361406326294   0.9253083203057147
fatso  418  69.75627851486206   0.9273927392739274
sluts  477  42.756051540374756   0.9171443460135488
