lemma  475  82.48211717605591   0.9174917491749175
trams  370  42.34689784049988   0.9357304151467778
winch  336  59.074344873428345   0.9416362688900469
whirr  474  63.299195528030396   0.9176654507556019
saith  412  41.40555286407471   0.9284349487580337
ionic  488  55.05218577384949   0.9152336286260205
heady  486  62.89831757545471   0.9155810317873893
harem  370  50.930379152297974   0.9357304151467778
tummy  511  59.66126871109009   0.9112384922702796
sally  611  53.78952646255493   0.8938683342018412
shied  455  49.51538395881653   0.9209657807886051
dross  467  42.470914363861084   0.9188813618203926
farad  420  53.96724820137024   0.9270453361125586
saver  470  54.165011167526245   0.9183602570783395
tilde  353  52.325756311416626   0.9386833420184124
jingo  464  63.64631628990173   0.9194024665624457
bower  359  49.572999238967896   0.937641132534306
serif  459  66.51332139968872   0.9202709744658676
facto  364  52.445396184921265   0.9367726246308842
belle  451  70.00584626197815   0.9216605871113427
inset  456  65.64618873596191   0.9207920792079208
bogus  519  47.329001665115356   0.9098488796248045
caved  407  53.31740880012512   0.9293034566614556
forte  387  50.13155961036682   0.9327774882751433
sooty  582  49.67064714431763   0.8989056800416884
bongo  405  64.10917806625366   0.9296508598228244
toves  494  40.12438488006592   0.9141914191419142
credo  404  70.61852741241455   0.9298245614035088
basal  507  70.37537670135498   0.9119332985930172
yella  589  89.59926867485046   0.8976897689768977
aglow  418  69.7646017074585   0.9273927392739274
glean  427  89.27748990058899   0.9258294250477679
gusto  508  83.05137062072754   0.9117595970123328
hymen  373  57.76880764961243   0.9352093104047247
ethos  483  65.19309377670288   0.9161021365294424
terra  553  65.23559236526489   0.9039430258815355
brash  397  74.09096169471741   0.9310404724682995
scrip  316  63.67808127403259   0.9451103005037346
swash  582  71.67021679878235   0.8989056800416884
aleph  387  80.6013343334198   0.9327774882751433
tinny  532  53.72898316383362   0.9075907590759076
itchy  458  62.444244146347046   0.920444676046552
wanta  508  60.2891104221344   0.9117595970123328
trice  390  59.513771295547485   0.9322563835330901
jowls  513  42.23167181015015   0.9108910891089109
gongs  538  50.98599410057068   0.9065485495918013
garde  405  55.4827766418457   0.9296508598228244
boric  392  52.56109094619751   0.9319089803717214
twill  469  61.52242946624756   0.9185339586590238
sower  486  47.28701305389404   0.9155810317873893
