mangy  398  53.025991916656494   0.930866770887615
loner  396  42.22679018974304   0.9312141740489839
circa  496  67.30037879943848   0.9138440159805454
tibia  485  78.22109341621399   0.9157547333680737
afoul  466  75.47028827667236   0.9190550634010769
mommy  614  79.30356478691101   0.8933472294597881
titer  475  47.8001868724823   0.9174917491749175
carne  413  48.23230957984924   0.9282612471773494
kooky  679  78.82698607444763   0.8820566267153032
motes  398  34.0730140209198   0.930866770887615
amity  440  57.825400829315186   0.9235713044988709
suave  570  73.15012407302856   0.900990099009901
hippo  430  66.35610437393188   0.9253083203057147
curvy  490  53.562002182006836   0.9148862254646517
samba  511  57.529518842697144   0.9112384922702796
newsy  567  93.03017830848694   0.9015112037519541
anise  474  72.17757940292358   0.9176654507556019
imams  510  47.26455235481262   0.9114121938509641
tulle  486  64.32596182823181   0.9155810317873893
aways  651  51.69251322746277   0.8869202709744659
liven  434  51.42541813850403   0.9246135139829772
hallo  485  59.11633324623108   0.9157547333680737
wales  455  37.49759840965271   0.9209657807886051
opted  326  52.22029089927673   0.9433732846968907
canto  402  46.098612785339355   0.9301719645648775
idyll  523  69.31294560432434   0.9091540733020671
bodes  428  36.99860906600952   0.9256557234670836
curio  472  55.94126605987549   0.9180128539169706
wrack  376  61.03710865974426   0.9346882056626715
hiker  445  49.83228635787964   0.9227027965954491
chive  439  74.64072918891907   0.9237450060795553
yokel  476  49.24884581565857   0.9173180475942331
dotty  548  52.91751265525818   0.9048115337849575
demur  402  59.68809485435486   0.9301719645648775
cusps  487  49.15115547180176   0.9154073302067048
specs  429  57.01834583282471   0.9254820218863992
quads  604  48.16879081726074   0.8950842452666319
laity  425  42.85370230674744   0.9261768282091367
toner  414  40.244495153427124   0.928087545596665
decry  430  66.96986317634583   0.9253083203057147
writs  428  44.33602833747864   0.9256557234670836
saute  500  47.706955909729004   0.9131492096578079
clack  466  68.3276572227478   0.9190550634010769
aught  459  63.63264560699463   0.9202709744658676
logos  537  40.50424098968506   0.9067222511724856
tipsy  414  63.220564126968384   0.928087545596665
natty  578  59.337021350860596   0.8996004863644259
ducal  386  59.23155951499939   0.9329511898558277
bidet  352  45.54493761062622   0.9388570435990967
bulgy  423  58.67104959487915   0.9265242313705054
