beefy  551  65.8483235836029   0.9042904290429042
coots  506  40.39831757545471   0.9121070001737016
melba  350  79.43097281455994   0.9392044467604655
caddy  516  53.54396033287048   0.9103699843668578
segue  554  69.04347825050354   0.9037693243008511
betel  382  48.25230860710144   0.9336459961785653
frizz  548  75.40583825111389   0.9048115337849575
drear  503  66.95860624313354   0.9126281049157547
kooks  703  57.897661447525024   0.8778877887788779
turbo  425  57.96796941757202   0.9261768282091367
hoagy  487  51.86730647087097   0.9154073302067048
moult  389  41.739516735076904   0.9324300851137746
helix  486  77.7127993106842   0.9155810317873893
zonal  451  62.847540855407715   0.9216605871113427
arias  585  45.04399108886719   0.8983845752996352
nosey  477  57.91528034210205   0.9171443460135488
paean  462  56.9915235042572   0.9197498697238145
lacey  418  45.79980182647705   0.9273927392739274
banns  474  41.47976613044739   0.9176654507556019
swain  468  70.78113627433777   0.9187076602397082
fryer  572  56.02180528640747   0.9006426958485322
retch  361  73.73649191856384   0.9372937293729373
tenet  553  48.664851903915405   0.9039430258815355
gigas  561  51.54455351829529   0.9025534132360604
whiny  445  56.30010676383972   0.9227027965954491
ogled  381  55.56382751464844   0.9338196977592496
rumen  398  54.77337193489075   0.930866770887615
begot  407  77.24505639076233   0.9293034566614556
cruse  448  79.09994125366211   0.9221816918533958
abuts  506  47.056605100631714   0.9121070001737016
riven  442  48.023293256759644   0.9232239013375022
balks  408  39.63274145126343   0.9291297550807712
sines  498  37.871132373809814   0.9134966128191766
sigma  371  66.81752181053162   0.9355567135660935
abase  561  92.47259616851807   0.9025534132360604
ennui  577  102.13265085220337   0.8997741879451103
gores  465  40.17906880378723   0.9192287649817613
unset  498  66.096355676651   0.9134966128191766
augur  549  79.03795766830444   0.9046378322042731
sated  414  50.00558829307556   0.928087545596665
odium  415  63.09557390213013   0.9279138440159805
latin  356  46.17379975318909   0.9381622372763592
dings  408  39.77577447891235   0.9291297550807712
moire  391  53.81101059913635   0.9320826819524057
scion  370  59.91511011123657   0.9357304151467778
henna  510  90.09872531890869   0.9114121938509641
kraut  501  58.49234986305237   0.9129755080771235
dicks  453  43.48159170150757   0.921313183949974
lifer  388  48.84648370742798   0.9326037866944589
prigs  376  39.043399810791016   0.9346882056626715
