flams  392  43.632949352264404   0.9319089803717214
molto  385  53.68894648551941   0.9331248914365121
dieth  409  60.379924297332764   0.9289560535000868
choos  510  45.908193826675415   0.9114121938509641
miked  393  51.532835960388184   0.931735278791037
bronx  435  55.903228759765625   0.9244398124022929
goopy  461  54.244112730026245   0.9199235713044989
bally  492  54.16840720176697   0.914538822303283
plumy  329  59.23011565208435   0.9428521799548376
moony  426  52.8149790763855   0.9260031266284523
morts  387  42.908387184143066   0.9327774882751433
yourn  514  46.52241349220276   0.9107173875282265
bipod  324  51.511350870132446   0.9437206878582595
spume  338  71.70048999786377   0.9412888657286781
algal  550  79.53690004348755   0.9044641306235887
ambit  345  64.52567744255066   0.9400729546638874
mucho  357  60.111388206481934   0.9379885356956749
spued  389  52.01476263999939   0.9324300851137746
dozer  464  49.64623498916626   0.9194024665624457
harum  378  54.20458459854126   0.9343408025013028
groat  437  64.0466821193695   0.9240924092409241
skint  438  56.80644607543945   0.9239187076602398
laude  423  56.42365574836731   0.9265242313705054
thrum  340  63.93977642059326   0.9409414625673094
pappy  616  65.72821474075317   0.8929998262984193
oncet  390  50.31123375892639   0.9322563835330901
rimed  341  47.63516187667847   0.940767760986625
gigue  567  71.54620242118835   0.9015112037519541
limed  321  46.65963673591614   0.9442417926003127
plein  366  64.8850302696228   0.9364252214695153
redly  409  70.34217810630798   0.9289560535000868
humpf  308  63.78009581565857   0.9464999131492097
lites  437  37.35796093940735   0.9240924092409241
seest  563  68.58643007278442   0.9022060100746917
grebe  474  71.72197222709656   0.9176654507556019
absit  427  85.9837555885315   0.9258294250477679
thanx  459  62.52920055389404   0.9202709744658676
pshaw  418  110.44996094703674   0.9273927392739274
yawps  467  48.808398962020874   0.9188813618203926
plats  367  45.48634648323059   0.936251519888831
payed  390  52.62846803665161   0.9322563835330901
areal  534  84.29733753204346   0.9072433559145389
tilth  439  51.63732051849365   0.9237450060795553
youse  587  69.58929657936096   0.8980371721382665
gwine  424  68.58154678344727   0.9263505297898211
thees  548  44.61921405792236   0.9048115337849575
watsa  528  72.88888883590698   0.9082855653986451
lento  407  58.69304370880127   0.9293034566614556
spitz  411  61.53610134124756   0.9286086503387181
yawed  461  51.394171476364136   0.9199235713044989
