newts  471  51.75157141685486   0.918186555497655
meany  460  57.72286605834961   0.9200972728851833
bunts  415  40.38511824607849   0.9279138440159805
razes  555  40.31870198249817   0.9035956227201668
goons  501  46.47554111480713   0.9129755080771235
wicks  461  42.26389670372009   0.9199235713044989
ruses  580  46.07517647743225   0.8992530832030572
vends  480  51.13102841377258   0.9166232412714955
geode  436  56.25128221511841   0.9242661108216085
drake  451  67.36241149902344   0.9216605871113427
judos  592  46.544872522354126   0.8971686642348445
lofts  444  40.082059144973755   0.9228764981761334
pulps  499  52.583553314208984   0.9133229112384923
lauds  482  37.71782469749451   0.9162758381101268
mucks  451  46.38621234893799   0.9216605871113427
vises  582  47.75475573539734   0.8989056800416884
mocha  336  71.4666383266449   0.9416362688900469
oiled  396  49.256612062454224   0.9312141740489839
roman  401  63.02917003631592   0.9303456661455619
ethyl  500  103.12086772918701   0.9131492096578079
gotta  519  67.60607290267944   0.9098488796248045
fugue  527  89.92002582550049   0.9084592669793295
smack  390  76.51170492172241   0.9322563835330901
gourd  452  47.71374273300171   0.9214868855306584
bumpy  322  58.32829833030701   0.9440680910196283
radix  439  61.50094509124756   0.9237450060795553
fatty  539  58.44352436065674   0.9063748480111169
borax  474  65.7848527431488   0.9176654507556019
cubit  410  52.08455729484558   0.9287823519194025
cacti  454  58.665191888809204   0.9211394823692896
gamma  530  71.83426666259766   0.9079381622372764
focal  348  59.115357398986816   0.9395518499218343
avail  543  60.962894678115845   0.9056800416883793
papal  489  58.303884506225586   0.9150599270453361
golly  528  55.58823823928833   0.9082855653986451
elite  474  68.20364189147949   0.9176654507556019
versa  559  93.0340850353241   0.9029008163974293
billy  483  52.17927694320679   0.9161021365294424
adieu  512  61.093745470047   0.9110647906895952
annum  509  73.54951548576355   0.9115858954316485
howdy  435  57.654513359069824   0.9244398124022929
rhino  399  53.747536420822144   0.9306930693069307
norms  386  39.351974964141846   0.9329511898558277
bobby  614  75.0010576248169   0.8933472294597881
axiom  453  86.5862557888031   0.921313183949974
setup  403  66.05924987792969   0.9299982629841932
yolks  534  42.374239444732666   0.9072433559145389
terns  422  44.169047594070435   0.9266979329511899
mixer  428  50.489933252334595   0.9256557234670836
genre  472  54.57370710372925   0.9180128539169706
