metre  411  54.77286243438721   0.9286086503387181
lusts  523  47.42567420005798   0.9091540733020671
unary  568  60.36918330192566   0.9013375021712697
goeth  441  58.02265453338623   0.9233976029181865
baler  354  43.55092215538025   0.938509640437728
sited  428  49.001747846603394   0.9256557234670836
shies  513  34.51146173477173   0.9108910891089109
hasps  436  42.444549798965454   0.9242661108216085
brung  403  55.704442501068115   0.9299982629841932
holed  375  43.821412563323975   0.9348619072433559
swank  511  67.37557077407837   0.9112384922702796
looky  541  61.04492139816284   0.9060274448497482
melee  457  51.44885492324829   0.9206183776272364
huffy  560  73.99428749084473   0.9027271148167448
loamy  425  49.90552043914795   0.9261768282091367
pimps  430  45.44240379333496   0.9253083203057147
titan  480  65.28781199455261   0.9166232412714955
binge  395  57.01490521430969   0.9313878756296682
shunt  413  56.695590019226074   0.9282612471773494
femur  432  58.15643334388733   0.924960917144346
libra  387  62.10930681228638   0.9327774882751433
seder  455  49.8317711353302   0.9209657807886051
honed  366  41.945557832717896   0.9364252214695153
annas  671  48.40705895423889   0.8834462393607782
coypu  407  50.91769027709961   0.9293034566614556
shims  438  47.910019636154175   0.9239187076602398
zowie  552  78.33678245544434   0.9041167274622199
jihad  440  62.060017585754395   0.9235713044988709
savvy  722  67.47419738769531   0.8745874587458746
nadir  366  48.99686360359192   0.9364252214695153
basso  489  68.93308925628662   0.9150599270453361
monic  320  48.60040354728699   0.944415494180997
maned  372  52.28864622116089   0.9353830119854091
mousy  574  63.351412773132324   0.9002952926871635
omega  418  103.32788586616516   0.9273927392739274
laver  442  51.75742721557617   0.9232239013375022
prima  291  66.49183964729309   0.9494528400208442
picas  373  39.04730463027954   0.9352093104047247
folio  438  55.283571004867554   0.9239187076602398
mecca  449  89.66222834587097   0.9220079902727115
reals  459  44.51961088180542   0.9202709744658676
troth  487  61.67769241333008   0.9154073302067048
testy  615  90.73354840278625   0.8931735278791036
balky  413  51.34729719161987   0.9282612471773494
crimp  233  50.021212100982666   0.9595275317005385
chink  343  55.05414152145386   0.9404203578252562
abets  485  48.53986144065857   0.9157547333680737
splat  347  66.98111891746521   0.9397255515025187
abaci  425  72.15312266349792   0.9261768282091367
vaunt  459  54.10591101646423   0.9202709744658676
