bebop  416  84.1713707447052   0.9277401424352961
gages  589  39.13030767440796   0.8976897689768977
gazer  491  53.18409585952759   0.9147125238839674
fanny  542  52.61674904823303   0.9058537432690638
gibes  437  42.563682317733765   0.9240924092409241
aural  542  62.953001976013184   0.9058537432690638
tempi  333  70.67711782455444   0.9421573736321001
hooch  538  74.91610193252563   0.9065485495918013
rapes  416  42.11253881454468   0.9277401424352961
snuck  463  78.07852077484131   0.9195761681431301
harts  427  37.975106954574585   0.9258294250477679
techs  430  45.301788568496704   0.9253083203057147
emend  409  77.11908841133118   0.9289560535000868
ninny  643  68.21536040306091   0.8883098836199409
guava  634  67.1480484008789   0.8898731978461004
scarp  345  66.2975127696991   0.9400729546638874
liege  463  57.60666346549988   0.9195761681431301
tufty  549  58.46110224723816   0.9046378322042731
sepia  398  62.78998017311096   0.930866770887615
tomes  411  37.943859577178955   0.9286086503387181
carob  358  53.26026201248169   0.9378148341149904
emcee  468  55.68054223060608   0.9187076602397082
prams  354  41.33036231994629   0.938509640437728
poser  387  56.8020293712616   0.9327774882751433
verso  506  78.65707492828369   0.9121070001737016
hubba  531  89.77745532989502   0.907764460656592
joule  492  63.461758613586426   0.914538822303283
baize  472  65.5016667842865   0.9180128539169706
blips  350  40.41049933433533   0.9392044467604655
scrim  331  70.99401688575745   0.9425047767934688
cubby  510  69.49848198890686   0.9114121938509641
clave  426  65.1589150428772   0.9260031266284523
winos  465  44.68170952796936   0.9192287649817613
rearm  494  73.72184491157532   0.9141914191419142
liens  456  45.14261841773987   0.9207920792079208
lumen  334  45.660163164138794   0.9419836720514156
chump  285  62.051228761672974   0.9504950495049505
nanny  680  60.733978509902954   0.8818829251346187
trump  299  59.01477670669556   0.9480632273753691
fichu  403  61.53317308425903   0.9299982629841932
chomp  243  58.79218125343323   0.9577905158936947
homos  494  44.24521493911743   0.9141914191419142
purty  390  47.76503777503967   0.9322563835330901
maser  402  52.46446633338928   0.9301719645648775
woosh  550  81.04950046539307   0.9044641306235887
patsy  425  66.04120540618896   0.9261768282091367
shill  512  66.92982196807861   0.9110647906895952
rusks  581  55.311891078948975   0.8990793816223728
avast  618  86.2386212348938   0.8926524231370505
swami  394  66.79506421089172   0.9315615772103526
