henry  500  61.75190806388855   0.9131492096578079
awash  607  93.7000560760498   0.8945631405245787
libel  448  55.866541624069214   0.9221816918533958
spurn  374  68.00248265266418   0.9350356088240404
sabre  459  55.472036361694336   0.9202709744658676
rebut  478  72.15651297569275   0.9169706444328644
penal  365  66.89025044441223   0.9365989230501998
obese  563  90.62310528755188   0.9022060100746917
sonny  597  49.04764246940613   0.8963001563314226
quirt  534  59.23988318443298   0.9072433559145389
mebbe  458  71.49737620353699   0.920444676046552
tacit  430  51.36194705963135   0.9253083203057147
greek  541  52.3159863948822   0.9060274448497482
xenon  603  85.96422672271729   0.8952579468473163
hullo  503  65.46553635597229   0.9126281049157547
pique  503  64.67554807662964   0.9126281049157547
roger  491  56.09113574028015   0.9147125238839674
negro  439  70.8573100566864   0.9237450060795553
hadst  391  64.12140893936157   0.9320826819524057
gecko  437  75.7929995059967   0.9240924092409241
beget  406  49.30009317398071   0.9294771582421401
uncut  475  65.80242729187012   0.9174917491749175
aloes  459  37.541542053222656   0.9202709744658676
louis  518  38.81294584274292   0.910022581205489
quint  525  53.11866998672485   0.9088066701406983
clunk  386  52.121670961380005   0.9329511898558277
raped  331  44.908252477645874   0.9425047767934688
salvo  456  59.35850477218628   0.9207920792079208
diode  471  62.23820471763611   0.918186555497655
matey  439  49.91039824485779   0.9237450060795553
hertz  479  71.59503197669983   0.9167969428521799
xylem  438  59.73543453216553   0.9239187076602398
kiosk  598  71.30305314064026   0.8961264547507383
apace  393  69.77287936210632   0.931735278791037
cawed  364  49.52026629447937   0.9367726246308842
peter  393  42.97869634628296   0.931735278791037
wench  360  65.54221415519714   0.9374674309536217
cohos  536  43.92450833320618   0.90689595275317
sorta  461  51.89316248893738   0.9199235713044989
gamba  381  61.10937190055847   0.9338196977592496
bytes  448  43.27652668952942   0.9221816918533958
tango  417  48.88168501853943   0.9275664408546118
nutty  543  58.05344033241272   0.9056800416883793
axial  563  70.00240635871887   0.9022060100746917
aleck  442  82.73200941085815   0.9232239013375022
natal  457  53.485833168029785   0.9206183776272364
clomp  233  53.26077842712402   0.9595275317005385
gored  404  41.37774419784546   0.9298245614035088
siree  520  44.19346046447754   0.9096751780441202
bandy  396  50.621760845184326   0.9312141740489839
