obits  434  44.90630531311035   0.9246135139829772
narcs  399  41.16631078720093   0.9306930693069307
tyros  500  45.47658061981201   0.9131492096578079
delis  450  40.666343450546265   0.9218342886920271
wooer  479  49.0017454624176   0.9167969428521799
hyped  358  50.850261926651   0.9378148341149904
poset  351  50.87858033180237   0.9390307451797811
byway  539  74.47570204734802   0.9063748480111169
texas  538  47.64148211479187   0.9065485495918013
scrod  365  60.745646238327026   0.9365989230501998
avows  591  51.92831754684448   0.897342365815529
futon  429  59.48642587661743   0.9254820218863992
torte  478  52.63628029823303   0.9169706444328644
tuple  340  56.46806502342224   0.9409414625673094
carom  327  47.43055820465088   0.9431995831162063
kebab  572  101.2015311717987   0.9006426958485322
tamps  322  39.74843168258667   0.9440680910196283
jilts  475  44.126081228256226   0.9174917491749175
duals  481  38.39012098312378   0.9164495396908112
artsy  462  83.07871913909912   0.9197498697238145
repro  470  72.31080198287964   0.9183602570783395
modem  417  50.74531006813049   0.9275664408546118
toped  322  43.00603652000427   0.9440680910196283
psych  442  104.37515425682068   0.9232239013375022
sicko  445  66.49086141586304   0.9227027965954491
klutz  480  68.19192409515381   0.9166232412714955
tarns  413  39.013128995895386   0.9282612471773494
coxed  432  47.57019829750061   0.924960917144346
drays  465  46.205052852630615   0.9192287649817613
cloys  444  40.46420454978943   0.9228764981761334
anded  483  61.79636192321777   0.9161021365294424
piker  393  47.49598288536072   0.931735278791037
aimer  390  57.272701263427734   0.9322563835330901
suras  553  41.394811391830444   0.9039430258815355
limos  393  39.97693467140198   0.931735278791037
flack  378  67.76324796676636   0.9343408025013028
hapax  477  66.39028000831604   0.9171443460135488
dutch  361  56.496896505355835   0.9372937293729373
mucky  426  64.82942080497742   0.9260031266284523
shire  415  64.13651919364929   0.9279138440159805
klieg  406  46.74407958984375   0.9294771582421401
staph  362  72.25518822669983   0.9371200277922529
layup  423  53.75391244888306   0.9265242313705054
tokes  486  38.59616184234619   0.9155810317873893
axing  466  77.77827668190002   0.9190550634010769
toper  329  41.40652942657471   0.9428521799548376
duvet  442  47.549691915512085   0.9232239013375022
cowry  467  48.11657166481018   0.9188813618203926
profs  376  49.36551642417908   0.9346882056626715
blahs  414  39.19475746154785   0.928087545596665
