cairn  383  45.61719608306885   0.9334722945978808
deism  399  71.65361642837524   0.9306930693069307
mixup  380  60.33598184585571   0.933993399339934
yikes  592  42.55196452140808   0.8971686642348445
prosy  427  70.33241248130798   0.9258294250477679
raker  558  58.17596364021301   0.9030745179781136
flubs  435  48.39878034591675   0.9244398124022929
whish  560  94.91384625434875   0.9027271148167448
reify  509  73.25410056114197   0.9115858954316485
craps  357  43.36538863182068   0.9379885356956749
shags  476  45.1084418296814   0.9173180475942331
clone  350  67.73882722854614   0.9392044467604655
hazed  446  57.463117837905884   0.9225290950147647
macho  333  55.50328350067139   0.9421573736321001
recto  409  68.67529368400574   0.9289560535000868
refix  530  95.2791097164154   0.9079381622372764
drams  372  47.287012815475464   0.9353830119854091
biker  409  55.568244218826294   0.9289560535000868
aquas  754  60.384806394577026   0.8690290081639743
porky  438  56.02961754798889   0.9239187076602398
doyen  433  48.70977282524109   0.9247872155636616
exude  597  91.3105628490448   0.8963001563314226
goofs  538  46.26754570007324   0.9065485495918013
divvy  604  64.30838561058044   0.8950842452666319
noels  469  45.45314359664917   0.9185339586590238
jived  521  58.43278431892395   0.9095014764634358
hulky  465  52.639721155166626   0.9192287649817613
cager  405  44.4551637172699   0.9296508598228244
harpy  374  51.6451313495636   0.9350356088240404
oldie  381  66.88829922676086   0.9338196977592496
vivas  621  59.71492648124695   0.8921313183949974
admix  430  78.88069558143616   0.9253083203057147
codas  445  40.999327421188354   0.9227027965954491
zilch  393  58.405953884124756   0.931735278791037
deist  408  69.32229614257812   0.9291297550807712
orcas  468  44.5235161781311   0.9187076602397082
retro  523  78.02332782745361   0.9091540733020671
pilaf  307  62.56635499000549   0.9466736147298941
parse  388  62.6996283531189   0.9326037866944589
rants  426  38.902321577072144   0.9260031266284523
zingy  494  57.2702853679657   0.9141914191419142
toddy  553  52.60796093940735   0.9039430258815355
chiff  446  73.49873733520508   0.9225290950147647
micro  348  55.97349214553833   0.9395518499218343
veeps  550  51.235002517700195   0.9044641306235887
girly  429  44.495198011398315   0.9254820218863992
nexus  577  57.02565336227417   0.8997741879451103
demos  403  43.680328130722046   0.9299982629841932
bibbs  628  55.99739193916321   0.8909154073302067
antes  492  37.76125431060791   0.914538822303283
