pukes  479  36.47325134277344   0.9167969428521799
haled  374  52.17439603805542   0.9350356088240404
chard  345  56.56473779678345   0.9400729546638874
duffs  576  48.87187075614929   0.8999478895257946
bruin  383  55.25623106956482   0.9334722945978808
reuse  554  72.72437024116516   0.9037693243008511
whang  432  67.51423382759094   0.924960917144346
toons  501  46.31832504272461   0.9129755080771235
frats  429  41.152639389038086   0.9254820218863992
silty  437  48.87089443206787   0.9240924092409241
telex  488  55.87142753601074   0.9152336286260205
cutup  423  60.95215201377869   0.9265242313705054
nisei  504  65.5260796546936   0.9124544033350703
neato  461  67.40388631820679   0.9199235713044989
decaf  407  77.66104459762573   0.9293034566614556
softy  519  54.133307456970215   0.9098488796248045
bimbo  405  63.120959520339966   0.9296508598228244
adlib  355  75.89995121955872   0.9383359388570436
loony  467  49.32594394683838   0.9188813618203926
shoed  419  44.92778778076172   0.927219037693243
agues  568  45.50587868690491   0.9013375021712697
peeve  556  62.946165800094604   0.9034219211394824
noway  492  56.44658160209656   0.914538822303283
gamey  394  45.49318242073059   0.9315615772103526
sarge  431  56.81765103340149   0.9251346187250304
reran  507  66.93321681022644   0.9119332985930172
epact  352  84.424795627594   0.9388570435990967
potty  472  46.78313994407654   0.9180128539169706
coned  368  44.53230595588684   0.9360778183081466
upend  398  66.97910857200623   0.930866770887615
narco  379  51.24672031402588   0.9341671009206184
ikats  504  43.74817657470703   0.9124544033350703
whorl  411  63.74103617668152   0.9286086503387181
jinks  542  49.47339606285095   0.9058537432690638
tizzy  664  67.38738489151001   0.8846621504255688
weepy  498  70.08633518218994   0.9134966128191766
posit  357  60.40531539916992   0.9379885356956749
marge  383  53.471232652664185   0.9334722945978808
vegan  481  89.95764803886414   0.9164495396908112
clops  348  38.66698503494263   0.9395518499218343
numbs  388  47.94275736808777   0.9326037866944589
reeks  604  51.011382818222046   0.8950842452666319
rubes  474  37.27105116844177   0.9176654507556019
rower  509  51.49819040298462   0.9115858954316485
biped  323  50.85858702659607   0.9438943894389439
tiffs  511  45.5957145690918   0.9112384922702796
hocus  498  37.68020582199097   0.9134966128191766
hammy  504  58.440593957901   0.9124544033350703
bunco  351  58.04367113113403   0.9390307451797811
fixit  568  78.15613389015198   0.9013375021712697
