gipsy  437  71.82157492637634   0.9240924092409241
sprat  347  66.88732028007507   0.9397255515025187
cornu  411  51.58361268043518   0.9286086503387181
amahs  483  47.173739433288574   0.9161021365294424
blowy  367  56.53641963005066   0.936251519888831
wahoo  509  61.964783906936646   0.9115858954316485
lubra  423  77.30025672912598   0.9265242313705054
mecum  484  75.8218297958374   0.9159284349487581
whooo  557  79.41339755058289   0.903248219558798
coqui  532  65.12962055206299   0.9075907590759076
sabra  538  59.992254972457886   0.9065485495918013
edema  474  105.39364743232727   0.9176654507556019
mrads  371  46.67084002494812   0.9355567135660935
dicot  343  50.70671558380127   0.9404203578252562
astro  506  85.68592286109924   0.9121070001737016
kited  435  53.13234210014343   0.9244398124022929
ouzel  485  53.94725465774536   0.9157547333680737
didos  554  47.7547562122345   0.9037693243008511
grata  515  63.37191915512085   0.9105436859475421
bonne  426  61.95697355270386   0.9260031266284523
axmen  449  64.50661182403564   0.9220079902727115
klunk  481  71.35676217079163   0.9164495396908112
summa  593  83.85647177696228   0.8969949626541601
laves  503  38.09968972206116   0.9126281049157547
purls  386  38.84516954421997   0.9329511898558277
yawny  605  60.19145965576172   0.8949105436859476
teary  518  62.54189467430115   0.910022581205489
masse  478  76.43656277656555   0.9169706444328644
largo  422  50.63301634788513   0.9266979329511899
bazar  503  60.32724571228027   0.9126281049157547
pssst  468  101.52475118637085   0.9187076602397082
sylph  378  68.1826708316803   0.9343408025013028
lulab  503  73.28000259399414   0.9126281049157547
toque  549  69.37739610671997   0.9046378322042731
fugit  489  59.15050911903381   0.9150599270453361
plunk  339  57.85911583900452   0.9411151641479938
ortho  502  75.95705151557922   0.9128018064964392
lucre  396  64.22245240211487   0.9312141740489839
cooch  541  70.41495251655579   0.9060274448497482
whipt  352  56.86257243156433   0.9388570435990967
folky  427  48.905460834503174   0.9258294250477679
tyres  504  37.287187576293945   0.9124544033350703
wheee  530  58.71206283569336   0.9079381622372764
corky  464  52.440004110336304   0.9194024665624457
injun  615  83.77737593650818   0.8931735278791036
solon  474  57.489484548568726   0.9176654507556019
didot  429  59.3672935962677   0.9254820218863992
kerfs  527  48.58431816101074   0.9084592669793295
rayed  458  49.96262264251709   0.920444676046552
wassa  677  88.70233082771301   0.8824040298766719
