knoll  446  60.50296401977539   0.9225290950147647
abode  393  70.74402904510498   0.931735278791037
junta  513  70.61364507675171   0.9108910891089109
gorge  511  64.96068596839905   0.9112384922702796
combo  372  66.88243770599365   0.9353830119854091
alpha  385  77.71768283843994   0.9331248914365121
overt  516  82.21641635894775   0.9103699843668578
kinda  401  69.38911318778992   0.9303456661455619
spelt  371  63.574567794799805   0.9355567135660935
prick  316  55.56187343597412   0.9451103005037346
nobly  376  52.30329155921936   0.9346882056626715
ephod  357  85.89098811149597   0.9379885356956749
audio  455  79.90211272239685   0.9209657807886051
modal  340  59.21495985984802   0.9409414625673094
veldt  404  63.92168927192688   0.9298245614035088
warty  457  49.41880941390991   0.9206183776272364
fluke  410  72.63695406913757   0.9287823519194025
bonny  456  59.39072895050049   0.9207920792079208
bream  362  78.1825430393219   0.9371200277922529
rosin  419  68.06451892852783   0.927219037693243
bolls  483  46.350085973739624   0.9161021365294424
doers  477  46.031747817993164   0.9171443460135488
downs  406  39.45841073989868   0.9294771582421401
beady  446  67.05527830123901   0.9225290950147647
motif  332  51.4376494884491   0.9423310752127845
humph  387  73.97820043563843   0.9327774882751433
fella  493  81.28092932701111   0.9143651207225986
mould  369  51.281410694122314   0.9359041167274622
crepe  384  69.39106607437134   0.9332985930171964
kerns  502  52.362860441207886   0.9128018064964392
aloha  487  64.29080557823181   0.9154073302067048
glyph  301  64.80789113044739   0.9477158242140004
azure  590  81.4092423915863   0.8975160673962133
riser  557  68.72169804573059   0.903248219558798
blest  395  78.07508134841919   0.9313878756296682
locus  472  40.601892709732056   0.9180128539169706
lumpy  341  51.31754016876221   0.940767760986625
beryl  400  70.8812050819397   0.9305193677262463
wanna  602  60.352582693099976   0.8954316484280007
brier  447  54.526785135269165   0.9223553934340802
tuner  448  45.772974729537964   0.9221816918533958
rowdy  480  51.11782097816467   0.9166232412714955
mural  400  58.875136375427246   0.9305193677262463
timer  372  47.36904001235962   0.9353830119854091
canst  385  59.11340308189392   0.9331248914365121
krill  469  60.64213728904724   0.9185339586590238
quoth  556  53.94186043739319   0.9034219211394824
lemme  463  70.58044290542603   0.9195761681431301
triad  366  49.05252552032471   0.9364252214695153
tenon  500  74.25069046020508   0.9131492096578079
