cutie  410  68.55764698982239   0.9287823519194025
pasty  454  60.8296275138855   0.9211394823692896
moray  458  50.237019300460815   0.920444676046552
levis  528  55.668312549591064   0.9082855653986451
ratty  548  52.06944417953491   0.9048115337849575
islet  424  65.34738087654114   0.9263505297898211
joust  562  72.82541680335999   0.9023797116553761
motet  422  46.970625162124634   0.9266979329511899
viral  421  63.24158573150635   0.9268716345318743
nukes  515  38.845168590545654   0.9105436859475421
grads  412  46.371445417404175   0.9284349487580337
comfy  363  51.227192401885986   0.9369463262115685
voila  457  63.60776710510254   0.9206183776272364
woozy  617  71.61943984031677   0.8928261247177349
blued  355  47.48621726036072   0.9383359388570436
whomp  256  63.63315773010254   0.9555323953447976
sward  441  72.73069643974304   0.9233976029181865
metro  371  60.446839570999146   0.9355567135660935
skeet  542  51.825786113739014   0.9058537432690638
chine  386  67.40974855422974   0.9329511898558277
aerie  531  54.34710693359375   0.907764460656592
bowie  412  67.34627771377563   0.9284349487580337
tubby  533  63.4446907043457   0.9074170574952232
emirs  455  52.25642204284668   0.9209657807886051
coati  409  51.44104266166687   0.9289560535000868
unzip  449  68.69970440864563   0.9220079902727115
slobs  435  42.70044422149658   0.9244398124022929
trike  457  64.83522725105286   0.9206183776272364
funky  456  57.854695558547974   0.9207920792079208
ducat  387  62.35589623451233   0.9327774882751433
dewey  530  52.90337347984314   0.9079381622372764
skoal  438  68.5947539806366   0.9239187076602398
wadis  432  42.68476915359497   0.924960917144346
oomph  336  65.77020335197449   0.9416362688900469
taker  469  45.29592943191528   0.9185339586590238
minim  500  71.90555310249329   0.9131492096578079
getup  390  72.92260026931763   0.9322563835330901
stoic  379  68.44483804702759   0.9341671009206184
synod  461  57.499760389328   0.9199235713044989
runty  474  49.28395628929138   0.9176654507556019
flyby  424  71.32551431655884   0.9263505297898211
braze  477  71.90262341499329   0.9171443460135488
inlay  449  64.88549518585205   0.9220079902727115
venue  560  63.11900854110718   0.9027271148167448
louts  492  37.710477113723755   0.914538822303283
peaty  435  62.98085403442383   0.9244398124022929
orlon  489  59.84773111343384   0.9150599270453361
humpy  358  61.86127495765686   0.9378148341149904
radon  382  55.60679316520691   0.9336459961785653
beaut  441  64.36795020103455   0.9233976029181865
