gunny  544  62.76309633255005   0.9055063401076949
runic  404  56.859642028808594   0.9298245614035088
whizz  545  81.0446183681488   0.9053326385270106
rupee  470  51.1676230430603   0.9183602570783395
fated  396  51.818488121032715   0.9312141740489839
wiper  357  51.13832759857178   0.9379885356956749
bards  380  39.279807806015015   0.933993399339934
briny  377  49.63285994529724   0.9345145040819871
staid  414  61.60106134414673   0.928087545596665
hocks  457  46.32906651496887   0.9206183776272364
ochre  426  77.98328804969788   0.9260031266284523
yummy  646  80.20045733451843   0.8877887788778878
gents  433  42.72968649864197   0.9247872155636616
soupy  546  48.19125175476074   0.9051589369463262
roper  426  49.313764333724976   0.9260031266284523
swath  463  63.654128551483154   0.9195761681431301
cameo  365  46.698182582855225   0.9365989230501998
edger  490  61.896429777145386   0.9148862254646517
spate  395  58.49039626121521   0.9313878756296682
gimme  446  76.47413277626038   0.9225290950147647
ebbed  509  69.23970794677734   0.9115858954316485
breve  519  72.91232585906982   0.9098488796248045
theta  535  94.4466643333435   0.9070696543338544
deems  476  48.651183128356934   0.9173180475942331
dykes  549  47.1185839176178   0.9046378322042731
servo  529  63.589213609695435   0.9081118638179607
telly  531  59.52502131462097   0.907764460656592
tabby  510  60.1670458316803   0.9114121938509641
tares  480  39.72401165962219   0.9166232412714955
blocs  356  42.5978581905365   0.9381622372763592
welch  368  64.4431426525116   0.9360778183081466
ghoul  400  61.549771308898926   0.9305193677262463
vitae  461  62.55165958404541   0.9199235713044989
cumin  352  52.83990144729614   0.9388570435990967
dinky  457  49.747328996658325   0.9206183776272364
bronc  333  53.213390827178955   0.9421573736321001
tabor  402  53.85788011550903   0.9301719645648775
teeny  556  60.084044218063354   0.9034219211394824
comer  341  47.55750250816345   0.940767760986625
borer  464  48.82500147819519   0.9194024665624457
sired  400  44.01085352897644   0.9305193677262463
privy  412  58.13397550582886   0.9284349487580337
mammy  630  72.15311789512634   0.890568004168838
deary  495  59.742270708084106   0.9140177175612298
gyros  508  49.62084722518921   0.9117595970123328
sprit  334  63.01256704330444   0.9419836720514156
conga  390  61.941349029541016   0.9322563835330901
quire  566  77.23724317550659   0.9016849053326386
thugs  467  41.81717324256897   0.9188813618203926
furor  532  61.5194993019104   0.9075907590759076
