lulus  662  55.10389423370361   0.8850095535869377
gnarl  413  56.55497360229492   0.9282612471773494
zippy  576  76.70263862609863   0.8999478895257946
ivied  577  61.24549198150635   0.8997741879451103
epees  565  45.78175950050354   0.9018586069133229
wimps  337  50.1032395362854   0.9414625673093625
tromp  286  54.14399480819702   0.9503213479242661
grail  380  61.074729204177856   0.933993399339934
yoyos  757  49.698967933654785   0.8685079034219212
poufs  449  40.757155895233154   0.9220079902727115
hales  460  36.24084401130676   0.9200972728851833
roust  488  63.914392709732056   0.9152336286260205
cabal  410  58.181822776794434   0.9287823519194025
rawer  531  53.7387490272522   0.907764460656592
pampa  471  60.700218200683594   0.918186555497655
mosey  459  53.0337131023407   0.9202709744658676
kefir  509  67.35264611244202   0.9115858954316485
burgs  435  40.63704705238342   0.9244398124022929
unmet  410  53.233898878097534   0.9287823519194025
cuspy  481  80.54562568664551   0.9164495396908112
boobs  606  52.8023362159729   0.8947368421052632
boons  470  39.057578563690186   0.9183602570783395
hypes  444  41.652607440948486   0.9228764981761334
dynes  488  37.83839797973633   0.9152336286260205
nards  404  40.66197228431702   0.9298245614035088
lanai  475  57.139432430267334   0.9174917491749175
yogis  560  40.218640089035034   0.9027271148167448
sepal  357  66.8384952545166   0.9379885356956749
quark  597  65.01537013053894   0.8963001563314226
toked  407  43.00701355934143   0.9293034566614556
prate  366  57.821495056152344   0.9364252214695153
ayins  529  46.615182399749756   0.9081118638179607
hawed  383  53.147496461868286   0.9334722945978808
swigs  494  49.51441025733948   0.9141914191419142
vitas  499  42.07789731025696   0.9133229112384923
toker  431  49.36598086357117   0.9251346187250304
doper  329  49.267353773117065   0.9428521799548376
bossa  506  87.16141438484192   0.9121070001737016
linty  417  53.292487144470215   0.9275664408546118
foist  411  59.45127296447754   0.9286086503387181
mondo  372  52.117756843566895   0.9353830119854091
stash  512  64.65504145622253   0.9110647906895952
kayos  586  40.52428340911865   0.8982108737189508
twerp  383  83.47708058357239   0.9334722945978808
zesty  615  93.1151328086853   0.8931735278791036
capon  338  51.37952423095703   0.9412888657286781
wimpy  330  57.320549964904785   0.9426784783741532
rewed  480  49.86743783950806   0.9166232412714955
fungo  431  69.71233630180359   0.9251346187250304
tarot  482  49.55690789222717   0.9162758381101268
