tykes  554  39.46817684173584   0.9037693243008511
chaws  457  48.00571656227112   0.9206183776272364
yucky  586  76.48780584335327   0.8982108737189508
hokey  480  46.399333000183105   0.9166232412714955
resew  556  69.37150144577026   0.9034219211394824
maven  407  50.26436138153076   0.9293034566614556
adman  423  76.3828055858612   0.9265242313705054
scuzz  625  92.81781435012817   0.8914365120722598
slogs  463  41.41141104698181   0.9195761681431301
souse  581  64.86889505386353   0.8990793816223728
nacho  395  54.56440567970276   0.9313878756296682
mimed  449  52.631396532058716   0.9220079902727115
melds  388  42.85663080215454   0.9326037866944589
boffo  517  87.89867043495178   0.9101962827861734
debit  391  57.47483682632446   0.9320826819524057
pinup  464  59.792580366134644   0.9194024665624457
vagus  567  48.66583180427551   0.9015112037519541
gulag  538  69.41059494018555   0.9065485495918013
randy  419  47.39735722541809   0.927219037693243
bosun  446  69.41896915435791   0.9225290950147647
educe  452  86.37826681137085   0.9214868855306584
faxes  548  45.07574725151062   0.9048115337849575
auras  620  44.37852907180786   0.8923050199756818
pesto  382  70.99987435340881   0.9336459961785653
antsy  495  91.75486946105957   0.9140177175612298
betas  430  45.56544327735901   0.9253083203057147
fizzy  632  83.65284848213196   0.8902206010074691
dorky  476  51.67442727088928   0.9173180475942331
snits  465  39.84217643737793   0.9192287649817613
moxie  439  61.38037061691284   0.9237450060795553
thane  408  54.64935827255249   0.9291297550807712
mylar  381  67.83843088150024   0.9338196977592496
nobby  464  65.80242848396301   0.9194024665624457
gamin  352  55.39782190322876   0.9388570435990967
gouty  525  48.17367506027222   0.9088066701406983
esses  763  49.420663595199585   0.8674656939378148
goyim  394  58.30779242515564   0.9315615772103526
paned  355  44.75397205352783   0.9383359388570436
druid  499  61.33545112609863   0.9133229112384923
jades  523  41.65944266319275   0.9091540733020671
rehab  437  75.15827584266663   0.9240924092409241
gofer  415  56.950456857681274   0.9279138440159805
tzars  522  46.069316387176514   0.9093277748827514
octet  472  58.58218860626221   0.9180128539169706
homed  327  50.05102062225342   0.9431995831162063
socko  533  64.4909896850586   0.9074170574952232
dorks  465  43.30535626411438   0.9192287649817613
eared  483  54.766027212142944   0.9161021365294424
anted  405  50.96744251251221   0.9296508598228244
elide  432  71.2704484462738   0.924960917144346
