boded  429  50.97037100791931   0.9254820218863992
ahhhh  740  105.5342607498169   0.8714608302935557
lobed  354  48.397807359695435   0.938509640437728
natch  354  50.03976559638977   0.938509640437728
shish  623  78.08328366279602   0.8917839152336287
tansy  481  57.91867756843567   0.9164495396908112
snoot  476  59.70027947425842   0.9173180475942331
payer  429  51.6636848449707   0.9254820218863992
altho  396  63.83724594116211   0.9312141740489839
sappy  564  60.78712320327759   0.9020323084940073
laxer  468  49.71849751472473   0.9187076602397082
hubby  537  75.6958634853363   0.9067222511724856
aegis  515  48.71367859840393   0.9105436859475421
riles  442  39.16546177864075   0.9232239013375022
ditto  450  64.65015840530396   0.9218342886920271
jazzy  770  81.69106078147888   0.8662497828730241
dingo  371  51.68373465538025   0.9355567135660935
quasi  623  87.55298972129822   0.8917839152336287
septa  392  63.60042214393616   0.9319089803717214
peaky  478  64.98175263404846   0.9169706444328644
lorry  546  50.58172392845154   0.9051589369463262
heerd  501  63.84552216529846   0.9129755080771235
bitty  509  60.04405498504639   0.9115858954316485
payee  504  49.34645175933838   0.9124544033350703
seamy  477  61.52977633476257   0.9171443460135488
apses  485  41.79127097129822   0.9157547333680737
imbue  403  74.70517945289612   0.9299982629841932
belie  411  57.305901765823364   0.9286086503387181
chary  420  54.88222908973694   0.9270453361125586
spoof  491  74.78869271278381   0.9147125238839674
phyla  377  70.02579116821289   0.9345145040819871
clime  307  61.5112247467041   0.9466736147298941
babel  442  51.480103492736816   0.9232239013375022
wacky  458  60.690452098846436   0.920444676046552
sumps  402  44.783265590667725   0.9301719645648775
skids  516  46.689393758773804   0.9103699843668578
khans  479  42.313698530197144   0.9167969428521799
crypt  354  58.594882011413574   0.938509640437728
inure  471  74.41808819770813   0.918186555497655
nonce  467  63.78353762626648   0.9188813618203926
outen  459  50.06711006164551   0.9202709744658676
faire  442  52.64604377746582   0.9232239013375022
hooey  544  48.91679048538208   0.9055063401076949
anole  414  61.8778760433197   0.928087545596665
kazoo  637  72.80444550514221   0.8893520931040473
calve  418  51.635366916656494   0.9273927392739274
limbo  318  65.33129024505615   0.9447628973423658
argot  455  59.78328323364258   0.9209657807886051
ducky  479  53.64109778404236   0.9167969428521799
faker  451  56.3465576171875   0.9216605871113427
