addle  445  86.61652612686157   0.9227027965954491
sudsy  610  68.37015867233276   0.8940420357825256
batty  507  49.7849006652832   0.9119332985930172
coifs  444  37.573299407958984   0.9228764981761334
suety  564  66.20181727409363   0.9020323084940073
gabby  522  60.64018774032593   0.9093277748827514
hafta  467  60.80763077735901   0.9188813618203926
pitas  395  43.03767442703247   0.9313878756296682
gouda  466  60.045496702194214   0.9190550634010769
deice  413  56.536421060562134   0.9282612471773494
taupe  427  60.014713525772095   0.9258294250477679
topes  383  36.43126082420349   0.9334722945978808
duchy  436  63.733736753463745   0.9242661108216085
nitro  386  54.672282218933105   0.9329511898558277
carny  425  47.85338282585144   0.9261768282091367
limey  385  49.456332206726074   0.9331248914365121
orals  481  43.32535171508789   0.9164495396908112
hirer  495  50.19210076332092   0.9140177175612298
taxer  493  50.80924725532532   0.9143651207225986
roils  461  41.72584414482117   0.9199235713044989
ruble  386  66.12565016746521   0.9329511898558277
elate  485  67.18273520469666   0.9157547333680737
dolor  444  53.925259828567505   0.9228764981761334
wryer  574  63.226420879364014   0.9002952926871635
snots  467  45.6015739440918   0.9188813618203926
quais  635  47.91155695915222   0.889699496265416
coked  403  45.69238781929016   0.9299982629841932
gimel  325  47.2459990978241   0.9435469862775752
gorse  441  63.991534948349   0.9233976029181865
minas  422  42.368891954422   0.9266979329511899
goest  454  73.81902956962585   0.9211394823692896
agape  450  77.08783960342407   0.9218342886920271
manta  457  53.26807737350464   0.9206183776272364
jings  495  46.06638693809509   0.9140177175612298
iliac  426  62.69227457046509   0.9260031266284523
admen  357  61.67573952674866   0.9379885356956749
offen  501  63.31138229370117   0.9129755080771235
cills  499  43.96449518203735   0.9133229112384923
offal  500  98.75832915306091   0.9131492096578079
lotta  486  56.70144867897034   0.9155810317873893
bolas  421  42.532434701919556   0.9268716345318743
thwap  337  63.70490479469299   0.9414625673093625
alway  564  62.60341763496399   0.9020323084940073
boggy  509  68.20559358596802   0.9115858954316485
donna  460  66.12518572807312   0.9200972728851833
locos  501  41.20927691459656   0.9129755080771235
belay  443  66.08463525772095   0.9230501997568178
gluey  432  47.20108246803284   0.924960917144346
bitsy  438  72.25611662864685   0.9239187076602398
mimsy  547  76.87742853164673   0.9049852353656418
