chile  367  56.66043567657471   0.936251519888831
begat  409  74.78622913360596   0.9289560535000868
nippy  464  63.98957896232605   0.9194024665624457
litre  404  51.84824347496033   0.9298245614035088
magna  446  57.285396575927734   0.9225290950147647
rebox  523  82.16276264190674   0.9091540733020671
hydro  439  62.71426844596863   0.9237450060795553
milch  285  57.806846618652344   0.9504950495049505
brent  367  62.04295206069946   0.936251519888831
gyves  565  43.6681022644043   0.9018586069133229
lazed  439  54.21481466293335   0.9237450060795553
feued  501  48.68926692008972   0.9129755080771235
mavis  437  47.3436484336853   0.9240924092409241
inapt  358  60.44925594329834   0.9378148341149904
baulk  428  56.18976449966431   0.9256557234670836
casus  540  45.06449818611145   0.9062011464304325
scrum  380  60.14021563529968   0.933993399339934
wised  447  70.08730983734131   0.9223553934340802
fossa  552  93.3490297794342   0.9041167274622199
dower  410  45.30374193191528   0.9287823519194025
kyrie  531  69.10592937469482   0.907764460656592
bhoys  470  44.5244927406311   0.9183602570783395
scuse  484  92.53607058525085   0.9159284349487581
feuar  484  64.4031035900116   0.9159284349487581
ohmic  314  66.07928919792175   0.9454577036651034
juste  540  91.14748644828796   0.9062011464304325
ukase  568  79.31328177452087   0.9013375021712697
beaux  546  78.76937246322632   0.9051589369463262
tusky  542  83.2500684261322   0.9058537432690638
orate  439  53.904752016067505   0.9237450060795553
musta  465  87.53885316848755   0.9192287649817613
lardy  416  50.63347840309143   0.9277401424352961
intra  396  69.16995453834534   0.9312141740489839
quiff  675  77.2458724975586   0.8827514330380406
epsom  346  106.50501012802124   0.9398992530832031
neath  442  59.45384883880615   0.9232239013375022
ocher  419  55.15641474723816   0.927219037693243
tared  405  40.313798666000366   0.9296508598228244
homme  432  61.08539414405823   0.924960917144346
mezzo  529  87.88747096061707   0.9081118638179607
corms  384  34.32253932952881   0.9332985930171964
psoas  519  46.26843070983887   0.9098488796248045
beaky  508  64.27600526809692   0.9117595970123328
terry  563  57.94109797477722   0.9022060100746917
infra  431  75.05146956443787   0.9251346187250304
spivs  472  43.23218536376953   0.9180128539169706
tuans  471  34.29278206825256   0.918186555497655
belli  457  66.58059287071228   0.9206183776272364
bergs  437  42.13974380493164   0.9240924092409241
anima  423  62.9252188205719   0.9265242313705054
