weirs  483  41.65846610069275   0.9161021365294424
mahua  500  58.21358275413513   0.9131492096578079
scops  389  41.60819387435913   0.9324300851137746
manse  425  63.298683881759644   0.9261768282091367
titre  484  60.20318412780762   0.9159284349487581
curia  439  59.543063163757324   0.9237450060795553
kebob  537  98.38432836532593   0.9067222511724856
cycad  517  64.70289015769958   0.9101962827861734
talky  450  47.6053512096405   0.9218342886920271
fucks  496  47.52285957336426   0.9138440159805454
tapis  380  41.43679976463318   0.933993399339934
amide  384  71.47445297241211   0.9332985930171964
dolce  326  49.209742307662964   0.9433732846968907
sloes  484  35.20282459259033   0.9159284349487581
jakes  594  42.296119689941406   0.8968212610734758
russe  553  86.67707133293152   0.9039430258815355
blash  403  67.69488501548767   0.9299982629841932
tutti  679  70.30897831916809   0.8820566267153032
pruta  411  58.73210263252258   0.9286086503387181
panga  424  55.68393564224243   0.9263505297898211
blebs  508  61.47360420227051   0.9117595970123328
tench  360  63.18150448799133   0.9374674309536217
swarf  496  71.41925692558289   0.9138440159805454
herem  430  47.08878016471863   0.9253083203057147
missy  524  71.56038665771484   0.9089803717213827
merse  464  68.85840845108032   0.9194024665624457
pawky  423  55.29138398170471   0.9265242313705054
limen  368  52.07088565826416   0.9360778183081466
vivre  510  75.46061182022095   0.9114121938509641
chert  411  68.54226565361023   0.9286086503387181
unsee  557  60.173274755477905   0.903248219558798
tiros  426  35.91593956947327   0.9260031266284523
brack  354  57.40854597091675   0.938509640437728
foots  533  40.24013948440552   0.9074170574952232
welsh  413  77.42941808700562   0.9282612471773494
fosse  531  71.66303730010986   0.907764460656592
knops  419  40.82363152503967   0.927219037693243
ileum  418  74.15630054473877   0.9273927392739274
noire  393  48.648780822753906   0.931735278791037
firma  362  60.364607095718384   0.9371200277922529
podgy  373  45.98323059082031   0.9352093104047247
laird  375  41.13951373100281   0.9348619072433559
thunk  401  50.633453130722046   0.9303456661455619
shute  478  59.61149859428406   0.9169706444328644
rowan  457  56.63143563270569   0.9206183776272364
shoji  539  66.74204444885254   0.9063748480111169
poesy  476  64.99920058250427   0.9173180475942331
uncap  372  62.018107891082764   0.9353830119854091
fames  417  34.37670421600342   0.9275664408546118
glees  510  34.61782693862915   0.9114121938509641
