pseud  434  89.98010301589966   0.9246135139829772
lurer  527  52.19978404045105   0.9084592669793295
magus  453  40.452489137649536   0.921313183949974
obeah  440  95.96218466758728   0.9235713044988709
atria  524  67.13800716400146   0.9089803717213827
twink  413  53.71646976470947   0.9282612471773494
palmy  307  44.67515707015991   0.9466736147298941
pocky  365  49.02954149246216   0.9365989230501998
pends  353  41.00707030296326   0.9386833420184124
recta  432  64.86286544799805   0.924960917144346
plonk  292  50.56784653663635   0.9492791384401598
slaws  488  41.215378761291504   0.9152336286260205
keens  583  43.54039168357849   0.8987319784610039
nicad  344  52.484161138534546   0.9402466562445718
pones  404  33.22012948989868   0.9298245614035088
inker  457  53.63651371002197   0.9206183776272364
whews  618  60.60126209259033   0.8926524231370505
groks  464  40.24480676651001   0.9194024665624457
mosts  490  38.76798129081726   0.9148862254646517
trews  473  46.26178598403931   0.9178391523362862
ulnar  421  52.1034152507782   0.9268716345318743
gyppy  561  79.1362190246582   0.9025534132360604
cocas  566  40.16543960571289   0.9016849053326386
expos  514  59.70452642440796   0.9107173875282265
eruct  437  70.4381217956543   0.9240924092409241
oiler  443  43.050002574920654   0.9230501997568178
vacua  567  55.901620864868164   0.9015112037519541
dreck  386  64.2502269744873   0.9329511898558277
dater  386  40.930976152420044   0.9329511898558277
arums  472  38.95941972732544   0.9180128539169706
tubal  403  54.64374041557312   0.9299982629841932
voxel  456  48.45034098625183   0.9207920792079208
dixit  572  55.937662839889526   0.9006426958485322
beery  547  58.35159373283386   0.9049852353656418
assai  663  105.1304075717926   0.8848358520062533
lades  449  32.39584517478943   0.9220079902727115
actin  370  57.431591510772705   0.9357304151467778
ghoti  373  51.54728436470032   0.9352093104047247
buzzy  612  72.8201596736908   0.8936946326211569
meads  429  39.7772855758667   0.9254820218863992
grody  478  48.084177017211914   0.9169706444328644
ribby  508  54.58023285865784   0.9117595970123328
clews  452  45.27879810333252   0.9214868855306584
creme  391  55.85039663314819   0.9320826819524057
email  387  71.35042548179626   0.9327774882751433
pyxie  501  66.18088150024414   0.9129755080771235
kulak  579  64.28364419937134   0.8994267847837415
bocci  434  54.48698544502258   0.9246135139829772
rived  414  45.21992778778076   0.928087545596665
duddy  696  64.74628233909607   0.8791036998436685
