casas  593  45.34377717971802   0.8969949626541601
withs  419  50.000244140625   0.927219037693243
dodgy  525  60.74904012680054   0.9088066701406983
scudi  455  73.87468910217285   0.9209657807886051
mungs  411  44.967824935913086   0.9286086503387181
muons  448  42.97185778617859   0.9221816918533958
ureas  566  52.49821639060974   0.9016849053326386
ioctl  358  46.10708165168762   0.9378148341149904
unhip  385  60.2092170715332   0.9331248914365121
krone  443  59.87316274642944   0.9230501997568178
sager  434  42.85905957221985   0.9246135139829772
verst  464  70.94316983222961   0.9194024665624457
expat  482  94.87977528572083   0.9162758381101268
gronk  441  52.20361351966858   0.9233976029181865
uvula  636  78.53059649467468   0.8895257946847316
shawm  443  65.71195840835571   0.9230501997568178
bilgy  368  48.077757835388184   0.9360778183081466
braes  454  33.02771878242493   0.9211394823692896
cento  397  53.96186375617981   0.9310404724682995
webby  552  77.3761305809021   0.9041167274622199
lippy  438  51.30246019363403   0.9239187076602398
gamic  308  48.40436792373657   0.9464999131492097
lordy  446  42.16998291015625   0.9225290950147647
mazed  410  47.76779842376709   0.9287823519194025
tings  406  35.93492317199707   0.9294771582421401
shoat  443  53.696170806884766   0.9230501997568178
faery  505  52.571829319000244   0.9122807017543859
wirer  497  44.004985094070435   0.913670314399861
diazo  471  56.79852318763733   0.918186555497655
carer  490  41.992430210113525   0.9148862254646517
rater  499  44.408292055130005   0.9133229112384923
greps  395  45.29611778259277   0.9313878756296682
rente  454  47.099815130233765   0.9211394823692896
zloty  488  47.755783796310425   0.9152336286260205
viers  576  43.54424548149109   0.8999478895257946
unapt  391  50.57781744003296   0.9320826819524057
poops  568  43.144932985305786   0.9013375021712697
fecal  373  65.93444895744324   0.9352093104047247
kepis  478  43.62098550796509   0.9169706444328644
taxon  465  50.648266077041626   0.9192287649817613
eyers  711  52.71479320526123   0.8764981761334029
wonts  416  34.55114412307739   0.9277401424352961
spina  333  58.171942472457886   0.9421573736321001
stoae  483  54.55932903289795   0.9161021365294424
yenta  527  61.24631309509277   0.9084592669793295
pooey  473  40.501554012298584   0.9178391523362862
buret  395  38.31664729118347   0.9313878756296682
japan  491  54.05833458900452   0.9147125238839674
bedew  398  45.832215309143066   0.930866770887615
hafts  432  36.37290167808533   0.924960917144346
