topos  466  43.86633229255676   0.9190550634010769
shirr  504  63.246928691864014   0.9124544033350703
rifer  492  58.07403063774109   0.914538822303283
feral  414  62.01478147506714   0.928087545596665
laded  455  48.40184164047241   0.9209657807886051
lased  431  50.86006689071655   0.9251346187250304
turds  459  37.6868896484375   0.9202709744658676
swede  497  69.19999742507935   0.913670314399861
easts  551  47.94147729873657   0.9042904290429042
cozen  443  44.84347987174988   0.9230501997568178
unhit  447  56.233256816864014   0.9223553934340802
pally  452  46.82002139091492   0.9214868855306584
aitch  337  55.88231635093689   0.9414625673093625
sedum  432  61.461185932159424   0.924960917144346
coper  334  43.305519580841064   0.9419836720514156
ruche  396  61.99001622200012   0.9312141740489839
geeks  604  45.1139030456543   0.8950842452666319
swags  499  43.085073709487915   0.9133229112384923
etext  740  97.92500352859497   0.8714608302935557
algin  392  59.447792291641235   0.9319089803717214
offed  495  60.11658477783203   0.9140177175612298
ninja  571  76.08622121810913   0.9008163974292166
holer  389  39.36463737487793   0.9324300851137746
doter  383  39.122366428375244   0.9334722945978808
toter  489  41.61347579956055   0.9150599270453361
besot  420  67.74625301361084   0.9270453361125586
dicut  436  44.26669788360596   0.9242661108216085
macer  346  42.75183606147766   0.9398992530832031
peens  452  39.2210111618042   0.9214868855306584
pewit  400  56.783145904541016   0.9305193677262463
redox  490  66.83244585990906   0.9148862254646517
poler  341  37.767133951187134   0.940767760986625
yecch  558  75.97698974609375   0.9030745179781136
fluky  437  52.05022835731506   0.9240924092409241
doeth  389  48.84381055831909   0.9324300851137746
twats  571  40.83747577667236   0.9008163974292166
cruds  432  36.67245697975159   0.924960917144346
bebug  555  75.57415890693665   0.9035956227201668
bider  343  42.5105299949646   0.9404203578252562
stele  471  59.19462728500366   0.918186555497655
hexer  578  47.902382135391235   0.8996004863644259
wests  544  45.72385287284851   0.9055063401076949
gluer  401  43.41037178039551   0.9303456661455619
pilau  366  51.86111259460449   0.9364252214695153
abaft  442  56.74955368041992   0.9232239013375022
whelm  370  72.5531268119812   0.9357304151467778
lacer  369  41.979408979415894   0.9359041167274622
inode  390  60.424476623535156   0.9322563835330901
tabus  460  35.318007946014404   0.9200972728851833
gator  421  46.16024160385132   0.9268716345318743
