attar  607  70.47451639175415   0.8945631405245787
teaks  505  43.39273023605347   0.9122807017543859
aioli  486  67.31112265586853   0.9155810317873893
awing  415  71.20712566375732   0.9279138440159805
anent  555  79.12653064727783   0.9035956227201668
feces  499  37.58776497840881   0.9133229112384923
redip  320  62.675861835479736   0.944415494180997
wists  510  42.91180920600891   0.9114121938509641
prats  364  37.52536201477051   0.9367726246308842
mesne  429  66.4638364315033   0.9254820218863992
muter  395  45.64696407318115   0.9313878756296682
smurf  463  65.52859878540039   0.9195761681431301
owest  509  91.09174227714539   0.9115858954316485
bahts  413  36.49996018409729   0.9282612471773494
lossy  577  63.53988695144653   0.8997741879451103
ftped  316  48.78654098510742   0.9451103005037346
hunky  453  50.984174728393555   0.921313183949974
hoers  518  39.48281407356262   0.910022581205489
slier  411  39.335166215896606   0.9286086503387181
sicks  495  39.480395555496216   0.9140177175612298
fatly  408  44.222737073898315   0.9291297550807712
delft  362  53.46338891983032   0.9371200277922529
hiver  432  47.170722246170044   0.924960917144346
himbo  301  52.24609613418579   0.9477158242140004
pengo  369  59.78422522544861   0.9359041167274622
busks  552  46.24086117744446   0.9041167274622199
loxes  541  34.39694380760193   0.9060274448497482
zonks  523  39.3715033531189   0.9091540733020671
ilium  463  54.74491786956787   0.9195761681431301
aport  371  54.99770927429199   0.9355567135660935
ikons  514  38.54424834251404   0.9107173875282265
mulct  318  44.30124855041504   0.9447628973423658
reeve  667  57.59002232551575   0.8841410456835157
civvy  564  57.465975761413574   0.9020323084940073
canna  589  51.57651329040527   0.8976897689768977
barfy  390  45.348509073257446   0.9322563835330901
kaiak  619  51.39819669723511   0.8924787215563662
scudo  443  59.14095735549927   0.9230501997568178
knout  463  50.31386852264404   0.9195761681431301
gaper  351  42.63274836540222   0.9390307451797811
bhang  402  51.91976618766785   0.9301719645648775
pease  477  62.04786419868469   0.9171443460135488
uteri  479  74.56201720237732   0.9167969428521799
lases  537  34.54095983505249   0.9067222511724856
paten  358  40.09306287765503   0.9378148341149904
rasae  544  60.70620679855347   0.9055063401076949
axels  599  50.16731810569763   0.8959527531700539
stoas  541  39.74891400337219   0.9060274448497482
ombre  386  67.37526535987854   0.9329511898558277
styli  454  62.09922432899475   0.9211394823692896
