costa  468  60.60687494277954   0.9187076602397082
turps  408  36.074869871139526   0.9291297550807712
fores  468  31.83194589614868   0.9187076602397082
solum  452  44.0354962348938   0.9214868855306584
imago  391  65.30877017974854   0.9320826819524057
byres  477  34.41617679595947   0.9171443460135488
fondu  392  45.479981660842896   0.9319089803717214
coney  436  36.99318027496338   0.9242661108216085
polis  384  33.0098922252655   0.9332985930171964
dictu  433  45.243263483047485   0.9247872155636616
kraal  510  54.727935552597046   0.9114121938509641
sherd  431  60.58343696594238   0.9251346187250304
mumbo  465  65.9114077091217   0.9192287649817613
wroth  402  49.67262387275696   0.9301719645648775
chars  418  37.547879457473755   0.9273927392739274
unbox  482  66.87511372566223   0.9162758381101268
vacuo  501  55.166481494903564   0.9129755080771235
slued  445  42.46233630180359   0.9227027965954491
weest  526  73.55410838127136   0.9086329685600139
hades  441  33.43924689292908   0.9233976029181865
wiled  381  41.334166526794434   0.9338196977592496
syncs  495  39.311781883239746   0.9140177175612298
muser  445  55.05258798599243   0.9227027965954491
excon  461  97.31855750083923   0.9199235713044989
hoars  470  34.78558158874512   0.9183602570783395
sibyl  469  52.826279640197754   0.9185339586590238
passe  466  62.53727674484253   0.9190550634010769
joeys  685  47.14894890785217   0.8810144172311968
lotsa  444  68.35484504699707   0.9228764981761334
lepta  363  64.63770937919617   0.9369463262115685
shays  545  44.65375757217407   0.9053326385270106
bocks  435  42.765974044799805   0.9244398124022929
endue  455  77.82525062561035   0.9209657807886051
darer  471  44.37514352798462   0.918186555497655
nones  548  36.793601989746094   0.9048115337849575
ileus  533  49.64299821853638   0.9074170574952232
plash  330  63.25713324546814   0.9426784783741532
busby  659  92.04054379463196   0.8855306583289908
wheal  452  86.71227717399597   0.9214868855306584
buffo  497  74.01887345314026   0.913670314399861
yobbo  629  72.40205645561218   0.8907417057495223
biles  409  34.23000955581665   0.9289560535000868
poxes  480  37.37414860725403   0.9166232412714955
rooty  569  49.03858160972595   0.9011638005905854
licit  436  52.854973554611206   0.9242661108216085
terce  436  49.90705966949463   0.9242661108216085
bromo  445  61.57014012336731   0.9227027965954491
hayey  559  51.60130786895752   0.9029008163974293
dweeb  415  53.841939210891724   0.9279138440159805
imbed  341  51.646809339523315   0.940767760986625
