hoper  348  41.79658102989197   0.9395518499218343
lapin  337  45.25661873817444   0.9414625673093625
wonks  436  37.94939470291138   0.9242661108216085
petri  366  64.39420175552368   0.9364252214695153
phial  306  57.18264031410217   0.9468473163105784
fugal  421  67.26570177078247   0.9268716345318743
holon  408  55.40812683105469   0.9291297550807712
boomy  427  58.1354923248291   0.9258294250477679
duomo  457  54.15379333496094   0.9206183776272364
musos  554  46.25152611732483   0.9037693243008511
shier  430  43.18755507469177   0.9253083203057147
hayer  489  46.18254351615906   0.9150599270453361
porgy  419  45.66287970542908   0.927219037693243
hived  439  50.60723328590393   0.9237450060795553
litho  376  54.43511939048767   0.9346882056626715
fisty  495  66.06871461868286   0.9140177175612298
stagy  484  62.45919609069824   0.9159284349487581
luvya  570  69.89166164398193   0.900990099009901
maria  438  52.49587440490723   0.9239187076602398
smogs  447  43.80298447608948   0.9223553934340802
asana  653  90.76325726509094   0.8865728678130971
yogic  435  52.431880474090576   0.9244398124022929
slomo  453  64.54091691970825   0.921313183949974
fawny  476  49.406150817871094   0.9173180475942331
amine  406  64.43873834609985   0.9294771582421401
wefts  465  46.07653474807739   0.9192287649817613
gonad  385  50.09032702445984   0.9331248914365121
twirp  325  55.62377572059631   0.9435469862775752
brava  502  68.63963055610657   0.9128018064964392
plyer  367  50.166905879974365   0.936251519888831
fermi  381  67.25120306015015   0.9338196977592496
loges  467  33.740344285964966   0.9188813618203926
niter  404  49.52586078643799   0.9298245614035088
revet  488  46.26493978500366   0.9152336286260205
unate  499  55.65674710273743   0.9133229112384923
gyved  488  51.28131294250488   0.9152336286260205
totty  667  50.617717266082764   0.8841410456835157
zappy  581  58.80477499961853   0.8990793816223728
honer  406  39.612130641937256   0.9294771582421401
giros  452  35.26871395111084   0.9214868855306584
dicer  367  42.89415764808655   0.936251519888831
calks  415  34.56442165374756   0.9279138440159805
luxes  562  36.01658248901367   0.9023797116553761
monad  340  45.525988817214966   0.9409414625673094
cruft  418  50.058170795440674   0.9273927392739274
quoin  548  53.46679139137268   0.9048115337849575
fumer  417  46.17445158958435   0.9275664408546118
amped  314  51.237621784210205   0.9454577036651034
shlep  322  43.36313080787659   0.9440680910196283
vinca  404  68.29009866714478   0.9298245614035088
