gunky  471  51.96977210044861   0.918186555497655
hazer  487  47.70515251159668   0.9154073302067048
kenaf  485  70.4653868675232   0.9157547333680737
ahoys  561  47.70849251747131   0.9025534132360604
ammos  556  51.478726387023926   0.9034219211394824
weeny  541  62.95113134384155   0.9060274448497482
urger  578  56.41089749336243   0.8996004863644259
kudzu  621  80.91010022163391   0.8921313183949974
paren  359  39.678850173950195   0.937641132534306
bolos  469  41.395774602890015   0.9185339586590238
fetor  438  55.46049952507019   0.9239187076602398
nitty  538  50.30323028564453   0.9065485495918013
techy  432  61.78043603897095   0.924960917144346
lieth  428  58.49318861961365   0.9256557234670836
somas  503  39.029738664627075   0.9126281049157547
darky  446  46.04965400695801   0.9225290950147647
villi  596  72.52039790153503   0.896473857912107
gluon  374  53.303261280059814   0.9350356088240404
janes  536  37.221282958984375   0.90689595275317
cants  411  34.656052589416504   0.9286086503387181
farts  430  37.64618420600891   0.9253083203057147
socle  394  50.64659905433655   0.9315615772103526
jinns  623  46.78951144218445   0.8917839152336287
ruing  438  51.62623929977417   0.9239187076602398
slily  588  57.30902719497681   0.8978634705575821
ricer  468  49.34791016578674   0.9187076602397082
hadda  579  58.209948778152466   0.8994267847837415
wowee  600  47.98725986480713   0.8957790515893694
rices  458  34.27155661582947   0.920444676046552
nerts  433  40.748772859573364   0.9247872155636616
cauls  451  35.359835147857666   0.9216605871113427
swive  515  83.02269506454468   0.9105436859475421
lilty  517  52.083101749420166   0.9101962827861734
micks  421  39.64332628250122   0.9268716345318743
arity  489  49.0332977771759   0.9150599270453361
pasha  505  77.63429260253906   0.9122807017543859
finif  556  64.93234443664551   0.9034219211394824
oinky  483  47.81771802902222   0.9161021365294424
gutty  571  52.28272891044617   0.9008163974292166
tetra  560  64.94448924064636   0.9027271148167448
wises  540  37.082619428634644   0.9062011464304325
wolds  417  34.871524810791016   0.9275664408546118
balds  379  34.09923243522644   0.9341671009206184
picot  305  44.931716442108154   0.9470210178912628
whats  457  38.56588697433472   0.9206183776272364
shiki  603  63.986067056655884   0.8952579468473163
bungs  438  39.05958938598633   0.9239187076602398
snarf  471  58.65970063209534   0.918186555497655
legos  476  41.36286020278931   0.9173180475942331
dungs  448  37.67766332626343   0.9221816918533958
