selfs  495  41.35058069229126   0.9140177175612298
oared  444  40.9559166431427   0.9228764981761334
herby  454  58.888028621673584   0.9211394823692896
pryer  505  45.92734479904175   0.9122807017543859
oakum  474  55.06335473060608   0.9176654507556019
dinks  448  36.236329555511475   0.9221816918533958
titty  678  54.592018604278564   0.8822303282959875
sepoy  455  61.379501819610596   0.9209657807886051
penes  438  39.03632044792175   0.9239187076602398
fusee  562  58.187073707580566   0.9023797116553761
winey  464  43.95701503753662   0.9194024665624457
gimps  341  44.05133414268494   0.940767760986625
nihil  412  62.23332452774048   0.9284349487580337
rille  456  56.139429569244385   0.9207920792079208
giber  387  49.416447162628174   0.9327774882751433
ousel  480  55.47146797180176   0.9166232412714955
umiak  480  63.36134743690491   0.9166232412714955
cuppy  489  60.41782236099243   0.9150599270453361
hames  422  37.951513051986694   0.9266979329511899
shits  471  40.18148350715637   0.918186555497655
azine  529  71.39268326759338   0.9081118638179607
glads  395  40.31375074386597   0.9313878756296682
tacet  462  44.1668701171875   0.9197498697238145
bumph  269  55.838741064071655   0.9532742747959007
coyer  457  44.31250524520874   0.9206183776272364
honky  416  48.62015247344971   0.9277401424352961
gamer  365  46.03069305419922   0.9365989230501998
gooky  566  58.179519176483154   0.9016849053326386
waspy  494  69.21755933761597   0.9141914191419142
sedgy  482  64.1393883228302   0.9162758381101268
bents  404  40.55574703216553   0.9298245614035088
varia  557  56.75589656829834   0.903248219558798
djinn  536  63.271533727645874   0.90689595275317
junco  452  65.64281344413757   0.9214868855306584
pubic  343  59.93897819519043   0.9404203578252562
wilco  366  57.29606318473816   0.9364252214695153
lazes  545  37.66350865364075   0.9053326385270106
idyls  493  42.632407426834106   0.9143651207225986
lupus  502  45.78281545639038   0.9128018064964392
rives  518  39.91795992851257   0.910022581205489
snood  476  57.69326663017273   0.9173180475942331
schmo  358  66.16014051437378   0.9378148341149904
spazz  591  76.11509609222412   0.897342365815529
finis  529  40.47683906555176   0.9081118638179607
noter  406  40.453211069107056   0.9294771582421401
pavan  471  50.79860281944275   0.918186555497655
orbed  378  45.29048538208008   0.9343408025013028
bates  424  32.43537211418152   0.9263505297898211
pipet  432  42.92166185379028   0.924960917144346
baddy  511  49.25154995918274   0.9112384922702796
