cuing  389  46.38214874267578   0.9324300851137746
refly  445  62.73184132575989   0.9227027965954491
luted  416  48.882731199264526   0.9277401424352961
cukes  497  38.40949749946594   0.913670314399861
bairn  370  44.04724621772766   0.9357304151467778
bight  388  54.241767168045044   0.9326037866944589
arses  557  41.73231267929077   0.903248219558798
crump  281  56.37616801261902   0.951189855827688
loggy  530  53.95896863937378   0.9079381622372764
blini  391  57.749945402145386   0.9320826819524057
spoor  433  61.88020348548889   0.9247872155636616
toyon  511  50.0760612487793   0.9112384922702796
harks  464  38.3558554649353   0.9194024665624457
wazoo  597  68.82673811912537   0.8963001563314226
fenny  548  69.69250130653381   0.9048115337849575
naves  523  37.57681083679199   0.9091540733020671
keyer  614  50.01866030693054   0.8933472294597881
tufas  516  41.03697419166565   0.9103699843668578
morph  309  48.235042095184326   0.9463262115685253
rajas  633  43.587892055511475   0.8900468994267848
typal  370  62.00947451591492   0.9357304151467778
spiff  509  73.34386110305786   0.9115858954316485
oxlip  423  67.13388085365295   0.9265242313705054
unban  537  75.56081342697144   0.9067222511724856
mussy  609  75.88925051689148   0.89421573736321
finny  508  54.85326790809631   0.9117595970123328
rimer  438  49.71750593185425   0.9239187076602398
login  369  51.48646092414856   0.9359041167274622
molas  406  40.607898473739624   0.9294771582421401
cirri  558  60.9883337020874   0.9030745179781136
huzza  645  89.31295442581177   0.8879624804585722
agone  419  73.29089283943176   0.927219037693243
unsex  537  69.5247495174408   0.9067222511724856
unwon  544  66.42004728317261   0.9055063401076949
peats  411  38.00980186462402   0.9286086503387181
toile  404  42.51864290237427   0.9298245614035088
zombi  373  57.58399701118469   0.9352093104047247
dewed  542  51.781209230422974   0.9058537432690638
nooky  513  51.44418454170227   0.9108910891089109
alkyl  565  68.03774690628052   0.9018586069133229
ixnay  548  63.10859489440918   0.9048115337849575
dovey  505  41.1495521068573   0.9122807017543859
holey  429  37.87216567993164   0.9254820218863992
cuber  415  43.3479437828064   0.9279138440159805
amyls  471  41.4911413192749   0.918186555497655
podia  345  53.59994554519653   0.9400729546638874
chino  357  51.66575860977173   0.9379885356956749
apnea  442  55.841506004333496   0.9232239013375022
prims  346  39.9078152179718   0.9398992530832031
lycra  405  68.37004113197327   0.9296508598228244
