saran  496  49.483060121536255   0.9138440159805454
bruit  381  50.369866609573364   0.9338196977592496
punky  423  53.466636657714844   0.9265242313705054
softs  509  43.49693536758423   0.9115858954316485
biffs  506  50.74969220161438   0.9121070001737016
loppy  437  56.41331505775452   0.9240924092409241
agars  558  42.70453977584839   0.9030745179781136
aquae  691  88.74429392814636   0.8799722077470905
livre  416  56.956475257873535   0.9277401424352961
biome  334  51.46149659156799   0.9419836720514156
bunds  412  37.071815967559814   0.9284349487580337
shews  581  51.81045150756836   0.8990793816223728
diems  409  39.986846923828125   0.9289560535000868
ginny  519  51.64781427383423   0.9098488796248045
degum  407  62.27700471878052   0.9293034566614556
polos  449  36.34229230880737   0.9220079902727115
desex  570  62.20439386367798   0.900990099009901
unman  518  67.6997537612915   0.910022581205489
dungy  437  47.62449526786804   0.9240924092409241
vitam  388  59.14547777175903   0.9326037866944589
wedgy  458  62.74082612991333   0.920444676046552
glebe  395  60.76619505882263   0.9313878756296682
apers  458  51.706002712249756   0.920444676046552
ridgy  432  54.24880838394165   0.924960917144346
roids  435  37.33103370666504   0.9244398124022929
wifey  456  47.90463590621948   0.9207920792079208
vapes  443  35.523460149765015   0.9230501997568178
whoas  505  40.46161103248596   0.9122807017543859
bunko  403  59.71879816055298   0.9299982629841932
yolky  560  56.85365605354309   0.9027271148167448
ulnas  461  41.49151420593262   0.9199235713044989
reeky  631  66.10461163520813   0.8903943025881536
bodge  340  54.261651039123535   0.9409414625673094
brant  348  48.871166706085205   0.9395518499218343
davit  391  47.48904752731323   0.9320826819524057
deque  590  61.62232732772827   0.8975160673962133
liker  419  47.77993988990784   0.927219037693243
jenny  646  75.49684882164001   0.8877887788778878
tacts  526  39.06469178199768   0.9086329685600139
fulls  546  42.83177852630615   0.9051589369463262
treap  393  68.04305839538574   0.931735278791037
ligne  398  51.623334884643555   0.930866770887615
acked  416  55.717806339263916   0.9277401424352961
refry  620  71.87691473960876   0.8923050199756818
vower  456  52.340399980545044   0.9207920792079208
aargh  474  50.736408710479736   0.9176654507556019
churl  381  60.47596263885498   0.9338196977592496
momma  553  82.21626424789429   0.9039430258815355
gaols  448  34.915870666503906   0.9221816918533958
whump  313  61.207077741622925   0.9456314052457877
