goers  500  39.05345559120178   0.9131492096578079
shako  501  57.110042333602905   0.9129755080771235
stets  613  50.683669328689575   0.8935209310404725
sebum  457  63.54696726799011   0.9206183776272364
seeth  530  58.44598984718323   0.9079381622372764
lobar  407  56.32277059555054   0.9293034566614556
raver  554  54.79351234436035   0.9037693243008511
ajuga  667  81.22546553611755   0.8841410456835157
riced  359  41.491841077804565   0.937641132534306
velds  474  46.72480797767639   0.9176654507556019
dribs  396  40.01407814025879   0.9312141740489839
ville  530  64.79138350486755   0.9079381622372764
dhows  418  42.30493521690369   0.9273927392739274
unsew  488  67.33225345611572   0.9152336286260205
halma  420  50.80542182922363   0.9270453361125586
krona  486  61.32558250427246   0.9155810317873893
limby  333  48.62285757064819   0.9421573736321001
jiffs  621  53.13522219657898   0.8921313183949974
treys  501  45.25293278694153   0.9129755080771235
bauds  472  35.281673431396484   0.9180128539169706
pffft  483  75.97889828681946   0.9161021365294424
mimer  460  51.375813007354736   0.9200972728851833
plebs  369  45.47997784614563   0.9359041167274622
caner  397  40.73701548576355   0.9310404724682995
jiber  445  52.1007354259491   0.9227027965954491
cuppa  446  70.53988122940063   0.9225290950147647
washy  572  73.93590807914734   0.9006426958485322
chuff  476  77.41646242141724   0.9173180475942331
unarm  461  58.85106921195984   0.9199235713044989
yukky  740  84.83957028388977   0.8714608302935557
styes  544  39.03306746482849   0.9055063401076949
waker  463  50.23409628868103   0.9195761681431301
flaks  451  42.500593423843384   0.9216605871113427
maces  412  36.3751163482666   0.9284349487580337
rimes  420  36.30366230010986   0.9270453361125586
gimpy  314  55.324020862579346   0.9454577036651034
guano  481  56.23336958885193   0.9164495396908112
liras  450  37.829726219177246   0.9218342886920271
kapok  462  62.811389446258545   0.9197498697238145
scuds  499  46.725834131240845   0.9133229112384923
bwana  481  65.44811701774597   0.9164495396908112
oring  381  58.2293860912323   0.9338196977592496
aider  414  52.41427040100098   0.928087545596665
prier  425  42.79034972190857   0.9261768282091367
klugy  477  55.01048755645752   0.9171443460135488
monte  351  48.04595637321472   0.9390307451797811
golem  304  41.954413175582886   0.9471947194719472
velar  474  60.133760929107666   0.9176654507556019
firer  481  48.20677733421326   0.9164495396908112
pieta  383  61.37818169593811   0.9334722945978808
