yahoo  582  62.37944293022156   0.8989056800416884
vulva  606  80.35585165023804   0.8947368421052632
zooey  632  46.106926679611206   0.8902206010074691
dryad  527  64.23352241516113   0.9084592669793295
nixie  593  71.63578152656555   0.8969949626541601
moper  320  46.53276491165161   0.944415494180997
iambs  366  41.591362953186035   0.9364252214695153
lunes  448  35.01714205741882   0.9221816918533958
nudie  424  58.358043909072876   0.9263505297898211
limns  372  36.41185212135315   0.9353830119854091
weals  470  41.727025508880615   0.9183602570783395
nohow  441  60.12624168395996   0.9233976029181865
miaow  374  53.80892539024353   0.9350356088240404
gouts  529  35.92412447929382   0.9081118638179607
mynas  482  40.86206865310669   0.9162758381101268
mazer  437  50.855814695358276   0.9240924092409241
kikes  608  40.24381494522095   0.8943894389438944
oxeye  698  78.64740753173828   0.8787562966822998
stoup  406  58.993682861328125   0.9294771582421401
jujus  845  63.90637946128845   0.8532221643216953
debar  414  60.21746492385864   0.928087545596665
pubes  415  35.43042802810669   0.9279138440159805
taels  447  38.16697955131531   0.9223553934340802
defun  435  69.61843156814575   0.9244398124022929
rands  401  37.217158794403076   0.9303456661455619
blear  399  65.12871837615967   0.9306930693069307
paver  389  47.75280046463013   0.9324300851137746
goosy  632  69.64481711387634   0.8902206010074691
sprog  354  64.05812096595764   0.938509640437728
oleos  559  53.30754518508911   0.9029008163974293
toffy  557  58.215744972229004   0.903248219558798
pawer  368  46.60299730300903   0.9360778183081466
maced  335  45.303441524505615   0.9418099704707313
crits  437  38.37097382545471   0.9240924092409241
kluge  434  75.98742079734802   0.9246135139829772
tubed  386  45.81218600273132   0.9329511898558277
sahib  430  54.91418528556824   0.9253083203057147
ganef  410  49.53480505943298   0.9287823519194025
scats  467  39.5565447807312   0.9188813618203926
sputa  411  62.26896047592163   0.9286086503387181
vaned  441  46.303330421447754   0.9233976029181865
acned  383  48.75321960449219   0.9334722945978808
taxol  442  52.542633056640625   0.9232239013375022
plink  310  50.03851270675659   0.9461525099878408
oweth  481  78.45735287666321   0.9164495396908112
tribs  400  37.691943407058716   0.9305193677262463
resay  532  73.19679713249207   0.9075907590759076
boule  385  51.35588479042053   0.9331248914365121
thous  512  37.26497745513916   0.9110647906895952
haply  365  46.59138464927673   0.9365989230501998
