stogy  489  56.710529804229736   0.9150599270453361
berms  379  43.9729323387146   0.9341671009206184
tangs  405  39.27140164375305   0.9296508598228244
vails  476  37.34105205535889   0.9173180475942331
roods  510  41.1462562084198   0.9114121938509641
morel  341  40.06231069564819   0.940767760986625
sware  486  58.67303109169006   0.9155810317873893
elans  457  46.84699463844299   0.9206183776272364
latus  457  37.518115282058716   0.9206183776272364
gules  485  36.153669595718384   0.9157547333680737
razer  589  56.33761119842529   0.8976897689768977
doxie  463  57.59867334365845   0.9195761681431301
buena  452  75.74298453330994   0.9214868855306584
overs  618  53.115089416503906   0.8926524231370505
gutta  552  64.54649257659912   0.9041167274622199
zincs  497  41.066375494003296   0.913670314399861
nates  481  34.00069451332092   0.9164495396908112
kirks  599  42.40506410598755   0.8959527531700539
tikes  486  34.20270228385925   0.9155810317873893
donee  449  38.17276453971863   0.9220079902727115
jerry  689  70.94935321807861   0.8803196109084592
mohel  316  42.282654762268066   0.9451103005037346
ceder  435  41.77428436279297   0.9244398124022929
doges  474  33.525349378585815   0.9176654507556019
unmap  353  66.13667249679565   0.9386833420184124
folia  388  58.65664982795715   0.9326037866944589
rawly  458  49.37053394317627   0.920444676046552
snark  474  65.91572618484497   0.9176654507556019
topoi  387  56.738978147506714   0.9327774882751433
ceils  432  39.56254768371582   0.924960917144346
immix  652  92.38885354995728   0.8867465693937815
yores  537  34.31676197052002   0.9067222511724856
diest  418  66.54690361022949   0.9273927392739274
bubba  628  96.36222648620605   0.8909154073302067
pomps  433  45.858798027038574   0.9247872155636616
forky  491  48.57694101333618   0.9147125238839674
turdy  441  48.54861617088318   0.9233976029181865
lawzy  527  58.80158758163452   0.9084592669793295
poohs  450  45.20418643951416   0.9218342886920271
worts  448  38.570104360580444   0.9221816918533958
gloms  374  41.528648376464844   0.9350356088240404
beano  415  64.56769514083862   0.9279138440159805
muley  403  42.31478142738342   0.9299982629841932
barky  428  47.678755044937134   0.9256557234670836
tunny  536  51.20477080345154   0.90689595275317
auric  435  58.65795826911926   0.9244398124022929
funks  505  41.49275994300842   0.9122807017543859
gaffs  542  45.36618256568909   0.9058537432690638
cordy  430  43.83542537689209   0.9253083203057147
curdy  429  45.46715831756592   0.9254820218863992
