johns  491  38.333940267562866   0.9147125238839674
primo  304  51.60533595085144   0.9471947194719472
fatwa  459  60.54619526863098   0.9202709744658676
egger  625  68.5118396282196   0.8914365120722598
hempy  357  68.19368124008179   0.9379885356956749
snook  546  65.75409150123596   0.9051589369463262
hying  422  53.908626317977905   0.9266979329511899
fuzed  490  52.7835009098053   0.9148862254646517
barms  350  36.39371848106384   0.9392044467604655
crink  382  50.603243827819824   0.9336459961785653
moots  485  37.43293762207031   0.9157547333680737
yerba  514  72.07738661766052   0.9107173875282265
rhumb  338  57.79387331008911   0.9412888657286781
unarc  437  57.60699200630188   0.9240924092409241
direr  471  43.01969242095947   0.918186555497655
munge  388  60.616517066955566   0.9326037866944589
eland  402  59.84666180610657   0.9301719645648775
nares  465  32.55982041358948   0.9192287649817613
wrier  484  48.05559682846069   0.9159284349487581
noddy  511  52.985453844070435   0.9112384922702796
atilt  464  67.15114855766296   0.9194024665624457
jukes  623  41.98037624359131   0.8917839152336287
ender  487  56.51387333869934   0.9154073302067048
thens  464  46.06492590904236   0.9194024665624457
unfix  511  71.13431692123413   0.9112384922702796
doggo  557  67.99691104888916   0.903248219558798
zooks  675  49.8237464427948   0.8827514330380406
diddy  652  69.25552535057068   0.8867465693937815
shmoo  492  70.1460633277893   0.914538822303283
brusk  467  82.5577564239502   0.9188813618203926
prest  356  79.85208940505981   0.9381622372763592
curer  523  47.39843225479126   0.9091540733020671
pasts  439  40.99885296821594   0.9237450060795553
kelpy  430  65.8961341381073   0.9253083203057147
bocce  431  60.94915437698364   0.9251346187250304
kicky  557  60.707889556884766   0.903248219558798
taros  460  35.37113666534424   0.9200972728851833
lings  408  37.205780267715454   0.9291297550807712
dicky  450  50.3455753326416   0.9218342886920271
nerdy  460  56.904213190078735   0.9200972728851833
abend  419  66.44300317764282   0.927219037693243
stela  457  70.14410924911499   0.9206183776272364
biggy  525  59.9990119934082   0.9088066701406983
laved  413  47.41468667984009   0.9282612471773494
baldy  384  44.218520641326904   0.9332985930171964
pubis  427  40.35534930229187   0.9258294250477679
gooks  593  42.87506437301636   0.8969949626541601
wonky  421  50.54868817329407   0.9268716345318743
stied  426  44.35702109336853   0.9260031266284523
hypos  447  40.533968448638916   0.9223553934340802
