arras  661  44.160730838775635   0.885183255167622
marls  397  36.09706711769104   0.9310404724682995
tiler  385  42.42167830467224   0.9331248914365121
grogs  534  45.49385070800781   0.9072433559145389
memes  586  44.14720058441162   0.8982108737189508
midis  469  44.30734300613403   0.9185339586590238
tided  493  46.060551166534424   0.9143651207225986
haler  377  46.22193932533264   0.9345145040819871
duces  466  37.3014190196991   0.9190550634010769
twiny  456  54.23619318008423   0.9207920792079208
poste  365  61.51407194137573   0.9365989230501998
unrig  439  58.81730103492737   0.9237450060795553
prise  372  70.02569770812988   0.9353830119854091
drabs  398  40.17764067649841   0.930866770887615
quids  622  41.82607936859131   0.891957616814313
facer  376  46.8457715511322   0.9346882056626715
spier  375  44.45985960960388   0.9348619072433559
baric  348  48.626307010650635   0.9395518499218343
geoid  430  53.03106641769409   0.9253083203057147
remap  328  66.92737483978271   0.943025881535522
trier  483  42.24635314941406   0.9161021365294424
gunks  497  43.26799464225769   0.913670314399861
steno  453  69.10926723480225   0.921313183949974
stoma  398  66.00850296020508   0.930866770887615
airer  534  48.0591242313385   0.9072433559145389
ovate  544  66.672034740448   0.9055063401076949
torah  437  50.10237193107605   0.9240924092409241
apian  421  58.60225462913513   0.9268716345318743
smuts  456  39.156986951828   0.9207920792079208
pocks  405  36.69842529296875   0.9296508598228244
yurts  556  37.21765875816345   0.9034219211394824
exurb  588  97.23915815353394   0.8978634705575821
defog  403  65.07051539421082   0.9299982629841932
nuder  447  44.01524305343628   0.9223553934340802
bosky  552  61.68975496292114   0.9041167274622199
nimbi  359  58.14660096168518   0.937641132534306
mothy  379  44.71212434768677   0.9341671009206184
joyed  538  47.4099657535553   0.9065485495918013
labia  439  51.948832988739014   0.9237450060795553
pards  355  34.27840614318848   0.9383359388570436
jammy  591  61.39526391029358   0.897342365815529
bigly  385  47.80625557899475   0.9331248914365121
faxer  479  51.62430167198181   0.9167969428521799
hoppy  471  57.81057691574097   0.918186555497655
nurbs  466  40.25557279586792   0.9190550634010769
cotes  436  32.586114168167114   0.9242661108216085
dishy  515  70.11675143241882   0.9105436859475421
vised  490  64.50164127349854   0.9148862254646517
celeb  358  41.7394232749939   0.9378148341149904
pismo  336  68.50596332550049   0.9416362688900469
