umbel  315  51.15709829330444   0.945284002084419
campo  279  50.59486484527588   0.9515372589890568
unpeg  360  51.29409885406494   0.9374674309536217
fovea  478  54.61891055107117   0.9169706444328644
abeam  501  92.62462282180786   0.9129755080771235
boson  490  70.99139046669006   0.9148862254646517
asker  520  70.78253507614136   0.9096751780441202
goths  451  35.69516897201538   0.9216605871113427
vocab  395  58.88972330093384   0.9313878756296682
vined  424  43.67318248748779   0.9263505297898211
trows  443  37.34883189201355   0.9230501997568178
tikis  533  39.818843603134155   0.9074170574952232
loper  354  40.50728440284729   0.938509640437728
indie  464  66.36266255378723   0.9194024665624457
boffs  520  42.033955812454224   0.9096751780441202
spang  380  56.308411598205566   0.933993399339934
grapy  390  49.089362144470215   0.9322563835330901
tater  509  44.56514000892639   0.9115858954316485
ichor  419  61.144829988479614   0.927219037693243
kilty  443  43.60691809654236   0.9230501997568178
lochs  404  36.22261571884155   0.9298245614035088
supes  502  35.11555075645447   0.9128018064964392
degas  470  44.3376784324646   0.9183602570783395
flics  398  38.18490481376648   0.930866770887615
torsi  416  55.10921382904053   0.9277401424352961
beths  427  45.63386130332947   0.9258294250477679
weber  444  47.051398515701294   0.9228764981761334
resaw  508  75.92455267906189   0.9117595970123328
lawny  475  47.85139036178589   0.9174917491749175
coven  411  44.231281757354736   0.9286086503387181
mujik  523  62.03307032585144   0.9091540733020671
relet  415  40.841344594955444   0.9279138440159805
therm  372  69.50048518180847   0.9353830119854091
heigh  540  66.7705430984497   0.9062011464304325
shnor  399  54.445467948913574   0.9306930693069307
trued  408  40.22160744667053   0.9291297550807712
zayin  545  55.293601274490356   0.9053326385270106
liest  422  60.94147229194641   0.9266979329511899
barfs  404  35.65078592300415   0.9298245614035088
bassi  494  65.94160294532776   0.9141914191419142
qophs  471  40.49387788772583   0.918186555497655
roily  480  39.14378881454468   0.9166232412714955
flabs  419  38.48017954826355   0.927219037693243
punny  478  51.18128538131714   0.9169706444328644
okras  560  41.430468797683716   0.9027271148167448
hanks  434  35.24197173118591   0.9246135139829772
dipso  374  63.73458123207092   0.9350356088240404
nerfs  467  41.62123513221741   0.9188813618203926
fauns  475  33.40263104438782   0.9174917491749175
calla  530  50.383540868759155   0.9079381622372764
