lisle  529  69.16615867614746   0.9081118638179607
toric  370  44.68429899215698   0.9357304151467778
soyas  619  38.885077476501465   0.8924787215563662
reman  378  64.26661705970764   0.9343408025013028
mungy  388  52.068992137908936   0.9326037866944589
carpy  342  45.00712299346924   0.9405940594059405
apish  384  78.35811972618103   0.9332985930171964
oaten  425  44.57562851905823   0.9261768282091367
gappy  491  51.92077159881592   0.9147125238839674
aurae  584  58.20480751991272   0.8985582768803196
bract  323  48.681933641433716   0.9438943894389439
rooky  616  50.4064564704895   0.8929998262984193
axled  453  52.33672213554382   0.921313183949974
burry  517  49.90834712982178   0.9101962827861734
sizer  508  46.541290521621704   0.9117595970123328
proem  296  39.83863043785095   0.9485843321174222
turfy  470  47.4749813079834   0.9183602570783395
impro  339  63.7186496257782   0.9411151641479938
mashy  484  66.69473624229431   0.9159284349487581
miens  420  40.5717887878418   0.9270453361125586
nonny  622  57.549415826797485   0.891957616814313
olios  510  40.10205554962158   0.9114121938509641
grook  559  60.73554730415344   0.9029008163974293
sates  498  33.08008551597595   0.9134966128191766
agley  439  50.6822407245636   0.9237450060795553
corgi  410  48.37498140335083   0.9287823519194025
dashy  524  65.6164345741272   0.9089803717213827
doser  413  50.75926637649536   0.9282612471773494
dildo  445  55.268494606018066   0.9227027965954491
apsos  490  46.018625259399414   0.9148862254646517
xored  487  44.136940002441406   0.9154073302067048
laker  448  45.434258222579956   0.9221816918533958
playa  465  56.3201699256897   0.9192287649817613
selah  446  56.972779273986816   0.9225290950147647
malty  384  41.35710096359253   0.9332985930171964
dulse  429  63.824060916900635   0.9254820218863992
frigs  445  39.69883394241333   0.9227027965954491
demit  356  53.90264344215393   0.9381622372763592
whoso  563  80.38724684715271   0.9022060100746917
rials  438  33.30504298210144   0.9239187076602398
sawer  462  41.417001485824585   0.9197498697238145
spics  405  37.78383541107178   0.9296508598228244
bedim  323  60.95893359184265   0.9438943894389439
snugs  515  40.36807727813721   0.9105436859475421
fanin  493  49.2737078666687   0.9143651207225986
azoic  467  70.22749853134155   0.9188813618203926
icers  477  47.026793479919434   0.9171443460135488
suers  615  45.03711533546448   0.8931735278791036
wizen  479  47.75090003013611   0.9167969428521799
koine  446  48.051984786987305   0.9225290950147647
