glans  405  38.62390494346619   0.9296508598228244
maxis  464  40.611653327941895   0.9194024665624457
bezel  427  50.82198739051819   0.9258294250477679
antis  462  40.66397714614868   0.9197498697238145
porks  421  35.95654511451721   0.9268716345318743
quoit  532  51.76063799858093   0.9075907590759076
alkyd  465  57.836063861846924   0.9192287649817613
glary  439  49.37143588066101   0.9237450060795553
beamy  425  59.52657151222229   0.9261768282091367
hexad  500  63.12884569168091   0.9131492096578079
bonks  407  35.7530791759491   0.9293034566614556
tecum  367  58.654088258743286   0.936251519888831
kerbs  489  43.6908917427063   0.9150599270453361
filar  380  51.50458359718323   0.933993399339934
frier  477  44.66564321517944   0.9171443460135488
redux  533  67.68106365203857   0.9074170574952232
abuzz  632  88.43031239509583   0.8902206010074691
fader  379  46.31056046485901   0.9341671009206184
shoer  446  43.97585916519165   0.9225290950147647
couth  420  43.24805951118469   0.9270453361125586
trues  486  35.57449221611023   0.9155810317873893
guyed  507  47.197152614593506   0.9119332985930172
goony  486  51.03710436820984   0.9155810317873893
booky  491  57.82214403152466   0.9147125238839674
fuzes  553  41.07216835021973   0.9039430258815355
hurly  455  46.736480474472046   0.9209657807886051
genet  458  40.580079555511475   0.920444676046552
hodad  474  57.43657469749451   0.9176654507556019
calix  408  47.786940574645996   0.9291297550807712
filer  369  45.6371591091156   0.9359041167274622
pawls  379  35.486820459365845   0.9341671009206184
iodic  465  52.248799085617065   0.9192287649817613
utero  497  74.47069978713989   0.913670314399861
henge  446  51.984561920166016   0.9225290950147647
unsay  576  77.66992449760437   0.8999478895257946
liers  482  38.21340322494507   0.9162758381101268
piing  393  50.338359117507935   0.931735278791037
weald  417  49.09794592857361   0.9275664408546118
sexed  556  47.63582420349121   0.9034219211394824
folic  328  44.12574863433838   0.943025881535522
poxed  392  42.524009466171265   0.9319089803717214
cunts  451  34.25903081893921   0.9216605871113427
anile  423  56.18037700653076   0.9265242313705054
kiths  442  37.91411232948303   0.9232239013375022
becks  461  43.90154027938843   0.9199235713044989
tatty  667  50.03372764587402   0.8841410456835157
plena  370  65.48978996276855   0.9357304151467778
rebar  510  63.29108953475952   0.9114121938509641
abled  357  48.479023456573486   0.9379885356956749
toyer  467  39.60141086578369   0.9188813618203926
